"ELEV","GRASS","GREEN","HYDROFLOW","ISOTHERM","LIGHT","MNTEMPWQ","PRECDM","PRECSEAS","ROADDIST","SLOPE","SOILBULK","SOILEXCH","SOILSAND","TEMPANRANGE","TOWNDIST","TREEDENS"
1,-0.217317287857994,-0.485288660466042,-0.0574888844284666,-0.466621677242258,-0.100800626107778,-0.709910666828153,0.660487577243935,0.126535501078004,0.129652831555057,0.702805609964529,-0.616599131202166,-0.36958581625365,-0.138099827413545,-0.0365905481457287,-0.0468184730860691,0.532938864570837
-0.217317287857994,1,0.493794592709902,0.0317440234668861,0.132069229389805,0.119203212226737,-0.0562037287820045,-0.0325377239182764,0.183813915212862,-0.352394825746168,-0.209241713724498,0.237898828112546,0.186575401301646,-0.398716529835188,-0.422476064330532,-0.395508137269457,-0.303271085838834
-0.485288660466042,0.493794592709902,1,0.00639175230920952,0.182738220049489,-0.0771052623646677,0.164523863479116,-0.542325374538356,0.12951202831082,-0.29364040913592,-0.495020248985458,0.431222105084329,0.523014865969093,-0.241411409798851,0.131677092875872,-0.192817848270599,-0.686284965465472
-0.0574888844284666,0.0317440234668861,0.00639175230920952,1,0.00616370629680246,0.0199569539671692,0.0504398621814079,-0.0261666598815617,-0.0273064396277809,-0.0207839020450546,-0.0365820488107657,0.0571996291806487,0.00166719520222386,0.0112433338900097,0.00255078651964445,-0.0253213186952439,-0.0148195965374437
-0.466621677242258,0.132069229389805,0.182738220049489,0.00616370629680246,1,-0.0382070153439977,0.432045347897266,-0.38491711551652,0.151609942123672,0.057159975013711,-0.333392889542621,0.0914694124656679,0.227827334238612,0.110908763512583,-0.159511362906968,0.233673722402638,-0.198765133163699
-0.100800626107778,0.119203212226737,-0.0771052623646677,0.0199569539671692,-0.0382070153439977,1,0.147758792801489,0.08260008556899,-0.159078086896644,-0.0878655345557501,-0.0529792229103201,0.146657043913309,0.0877027211946821,-0.0977740661296915,-0.174214898723737,-0.143838552148294,-0.0536063789431709
-0.709910666828153,-0.0562037287820045,0.164523863479116,0.0504398621814079,0.432045347897266,0.147758792801489,1,-0.397894210930527,-0.598402719410888,0.0388784047361167,-0.491298881437693,0.405446537890494,0.274011808984823,0.206859611366255,0.109609568166022,0.158248121306842,-0.351370890056906
0.660487577243935,-0.0325377239182764,-0.542325374538356,-0.0261666598815617,-0.38491711551652,0.08260008556899,-0.397894210930527,1,-0.192729409794312,0.00262547652472541,0.62531347213603,-0.441105671242407,-0.513718314253157,-0.299135718319821,-0.505125761492585,-0.239404469352132,0.711066840446461
0.126535501078004,0.183813915212862,0.12951202831082,-0.0273064396277809,0.151609942123672,-0.159078086896644,-0.598402719410888,-0.192729409794312,1,-0.089744814987657,0.0726922321549938,-0.118325151066727,-0.00942492325263295,-0.0408553570518391,-0.110630195846168,-0.0270614349260887,0.0571409363961076
0.129652831555057,-0.352394825746168,-0.29364040913592,-0.0207839020450546,0.057159975013711,-0.0878655345557501,0.0388784047361167,0.00262547652472541,-0.089744814987657,1,0.146741660338061,-0.173328238393447,-0.20690909809176,0.348594763930501,0.181371555802251,0.586111183200015,0.138957317226232
0.702805609964529,-0.209241713724498,-0.495020248985458,-0.0365820488107657,-0.333392889542621,-0.0529792229103201,-0.491298881437693,0.62531347213603,0.0726922321549938,0.146741660338061,1,-0.546169334716389,-0.407399461288714,-0.0605392768168955,-0.103936243226199,-0.0433273140550154,0.576807787799397
-0.616599131202166,0.237898828112546,0.431222105084329,0.0571996291806487,0.0914694124656679,0.146657043913309,0.405446537890494,-0.441105671242407,-0.118325151066727,-0.173328238393447,-0.546169334716389,1,0.266112929019535,-0.0541542306151693,0.126393342114622,-0.113399893353159,-0.453700796525091
-0.36958581625365,0.186575401301646,0.523014865969093,0.00166719520222386,0.227827334238612,0.0877027211946821,0.274011808984823,-0.513718314253157,-0.00942492325263295,-0.20690909809176,-0.407399461288714,0.266112929019535,1,-0.426741083210536,0.209689342559243,-0.0982612822544262,-0.576170068743047
-0.138099827413545,-0.398716529835188,-0.241411409798851,0.0112433338900097,0.110908763512583,-0.0977740661296915,0.206859611366255,-0.299135718319821,-0.0408553570518391,0.348594763930501,-0.0605392768168955,-0.0541542306151693,-0.426741083210536,1,0.371106340393767,0.485414458324417,-0.0198176043311457
-0.0365905481457287,-0.422476064330532,0.131677092875872,0.00255078651964445,-0.159511362906968,-0.174214898723737,0.109609568166022,-0.505125761492585,-0.110630195846168,0.181371555802251,-0.103936243226199,0.126393342114622,0.209689342559243,0.371106340393767,1,0.307552267198045,-0.391268499952682
-0.0468184730860691,-0.395508137269457,-0.192817848270599,-0.0253213186952439,0.233673722402638,-0.143838552148294,0.158248121306842,-0.239404469352132,-0.0270614349260887,0.586111183200015,-0.0433273140550154,-0.113399893353159,-0.0982612822544262,0.485414458324417,0.307552267198045,1,-0.0208774142605074
0.532938864570837,-0.303271085838834,-0.686284965465472,-0.0148195965374437,-0.198765133163699,-0.0536063789431709,-0.351370890056906,0.711066840446461,0.0571409363961076,0.138957317226232,0.576807787799397,-0.453700796525091,-0.576170068743047,-0.0198176043311457,-0.391268499952682,-0.0208774142605074,1
