"ELEV","GRASS","GREEN","HYDRODIST","HYDROFLOW","ISOTHERM","LIGHT","MNTEMPWQ","PRECDM","PRECSEAS","ROADDIST","SLOPE","SOILBULK","SOILEXCH","SOILSAND","TEMPANRANGE","TREEDENS"
1,-0.2150295371152,-0.449405040460482,-0.248784500001119,-0.068221751506283,-0.459729393310209,-0.114950421403247,-0.705541202949472,0.631066915780191,0.110511906436569,0.13535609945683,0.710466128964735,-0.607396117530707,-0.3407589595193,-0.140865074851387,-0.00287190009628277,0.498035168467983
-0.2150295371152,1,0.480618923201087,-0.304292722072643,0.0309499817957755,0.125466788480241,0.146913629624553,-0.046705515989028,-0.0219660273785578,0.171219845123546,-0.348447004140713,-0.207237847486929,0.238124811172064,0.178012027095317,-0.384183291333914,-0.412986304298727,-0.30315581038091
-0.449405040460482,0.480618923201087,1,-0.0152808757878448,-0.0218606472774474,0.14698160688945,-0.11544089385281,0.130831467032607,-0.525594344568392,0.130271479784861,-0.291264572590441,-0.477796292298111,0.423677611122757,0.518647282384672,-0.250846432173763,0.157851381267071,-0.678776958056653
-0.248784500001119,-0.304292722072643,-0.0152808757878448,1,-0.0617925445184165,0.348481571391152,-0.0907871297701393,0.258635059483611,-0.478253076396784,0.0520716993402839,0.442585303203647,-0.238458482320703,0.0263495557227924,0.114986219103938,0.420779880900555,0.394693681629297,-0.266013802594718
-0.068221751506283,0.0309499817957755,-0.0218606472774474,-0.0617925445184165,1,0.0271663343763636,0.017440286077939,0.0391117283858748,-0.0381484592481457,0.0300319984990622,-0.0205836422028281,-0.0420000430628751,0.0365646283740421,-0.035000690513353,0.0483530220139609,-0.039579257483704,0.0203772872822313
-0.459729393310209,0.125466788480241,0.14698160688945,0.348481571391152,0.0271663343763636,1,-0.0448604508310872,0.412713517894252,-0.378270589279575,0.19702712852886,0.0540663247043553,-0.327641088648745,0.0618212702146702,0.199653910998844,0.118861784027167,-0.18357939217692,-0.156275218502065
-0.114950421403247,0.146913629624553,-0.11544089385281,-0.0907871297701393,0.017440286077939,-0.0448604508310872,1,0.172604950785265,0.116379588136791,-0.181616819116112,-0.0984605510098856,-0.0540406769770892,0.158641150854155,0.0442989322361234,-0.0739836543346046,-0.196228898399901,-0.0529473600180282
-0.705541202949472,-0.046705515989028,0.130831467032607,0.258635059483611,0.0391117283858748,0.412713517894252,0.172604950785265,1,-0.358998374246767,-0.583794720373386,0.0310084915741516,-0.482656908076476,0.395381096862541,0.249489850915759,0.19670393912689,0.084319789535817,-0.325752871385579
0.631066915780191,-0.0219660273785578,-0.525594344568392,-0.478253076396784,-0.0381484592481457,-0.378270589279575,0.116379588136791,-0.358998374246767,1,-0.240836503133552,-0.00182289682517714,0.618099535758311,-0.412928949408512,-0.49952596721277,-0.295919174456681,-0.492114840868038,0.68225097076123
0.110511906436569,0.171219845123546,0.130271479784861,0.0520716993402839,0.0300319984990622,0.19702712852886,-0.181616819116112,-0.583794720373386,-0.240836503133552,1,-0.077367123027372,0.0495063573158402,-0.126810382104233,-0.0116852132131585,-0.00493572021081651,-0.119018964177363,0.0624218540506991
0.13535609945683,-0.348447004140713,-0.291264572590441,0.442585303203647,-0.0205836422028281,0.0540663247043553,-0.0984605510098856,0.0310084915741516,-0.00182289682517714,-0.077367123027372,1,0.155393993034722,-0.181671809996621,-0.20216651984475,0.339110792916484,0.183236209634573,0.143153983061818
0.710466128964735,-0.207237847486929,-0.477796292298111,-0.238458482320703,-0.0420000430628751,-0.327641088648745,-0.0540406769770892,-0.482656908076476,0.618099535758311,0.0495063573158402,0.155393993034722,1,-0.538669335590507,-0.391978454499611,-0.0664102773090249,-0.0910890547036731,0.56137385608964
-0.607396117530707,0.238124811172064,0.423677611122757,0.0263495557227924,0.0365646283740421,0.0618212702146702,0.158641150854155,0.395381096862541,-0.412928949408512,-0.126810382104233,-0.181671809996621,-0.538669335590507,1,0.259002152092526,-0.0727070086440259,0.125630211078475,-0.449269312017155
-0.3407589595193,0.178012027095317,0.518647282384672,0.114986219103938,-0.035000690513353,0.199653910998844,0.0442989322361234,0.249489850915759,-0.49952596721277,-0.0116852132131585,-0.20216651984475,-0.391978454499611,0.259002152092526,1,-0.440478932733614,0.234041317730621,-0.56842890855937
-0.140865074851387,-0.384183291333914,-0.250846432173763,0.420779880900555,0.0483530220139609,0.118861784027167,-0.0739836543346046,0.19670393912689,-0.295919174456681,-0.00493572021081651,0.339110792916484,-0.0664102773090249,-0.0727070086440259,-0.440478932733614,1,0.328198099115323,-0.00538497780828049
-0.00287190009628277,-0.412986304298727,0.157851381267071,0.394693681629297,-0.039579257483704,-0.18357939217692,-0.196228898399901,0.084319789535817,-0.492114840868038,-0.119018964177363,0.183236209634573,-0.0910890547036731,0.125630211078475,0.234041317730621,0.328198099115323,1,-0.408715794997853
0.498035168467983,-0.30315581038091,-0.678776958056653,-0.266013802594718,0.0203772872822313,-0.156275218502065,-0.0529473600180282,-0.325752871385579,0.68225097076123,0.0624218540506991,0.143153983061818,0.56137385608964,-0.449269312017155,-0.56842890855937,-0.00538497780828049,-0.408715794997853,1
