"ELEV","GRASS","GREEN","HYDROFLOW","ISOTHERM","LIGHT","MNTEMPWQ","PRECDM","PRECSEAS","ROADDIST","SLOPE","SOILBULK","SOILEXCH","SOILSAND","TEMPANRANGE","TOWNDIST","TREEDENS"
1,-0.210172020718129,-0.485956959863036,-0.053523570760812,-0.462430814371653,-0.102269920019624,-0.71041815854735,0.669568983130382,0.134560209744563,0.132050372494783,0.710657986773597,-0.611975654082591,-0.363216995993439,-0.132561401861688,-0.0436999365854457,-0.0390935446513377,0.546506068943407
-0.210172020718129,1,0.493326976433178,0.0264988780968681,0.120691577723269,0.144725327850791,-0.0621735918381513,0.00516639077325018,0.183114103447541,-0.364429010252434,-0.203500136605912,0.2365093764184,0.181048063294391,-0.421540005942179,-0.463576630475105,-0.410072989913044,-0.290140805206392
-0.485956959863036,0.493326976433178,1,0.00645655305728596,0.168447765780999,-0.0696159046323562,0.144829770960735,-0.523503484719803,0.148362662015094,-0.314210340003463,-0.493827389922237,0.428323720345681,0.494853143054,-0.254401682562818,0.0917527627540694,-0.214500419009299,-0.664687289252454
-0.053523570760812,0.0264988780968681,0.00645655305728596,1,9.5434527236648e-05,0.00970086270652051,0.0478809274439003,-0.0212339687705334,-0.0353276490535829,-0.0207016993262234,-0.0337502644797718,0.0574252731153446,0.00264064704672485,0.00621122222276352,0.00915937203661416,-0.0253921364069294,-0.0169411312738714
-0.462430814371653,0.120691577723269,0.168447765780999,9.5434527236648e-05,1,-0.0441278564910875,0.433227078881069,-0.371274894949648,0.15099068295806,0.0633567895442068,-0.325567240620022,0.0671676926484224,0.218971931941314,0.10763525241958,-0.176422911580097,0.238189550528303,-0.186663857724863
-0.102269920019624,0.144725327850791,-0.0696159046323562,0.00970086270652051,-0.0441278564910875,1,0.179168606203501,0.120180867325146,-0.193971464609946,-0.0961725247371853,-0.0547819182258542,0.161519513368008,0.127427845636771,-0.152712968467163,-0.202209673389926,-0.15778588409097,-0.0575944146053359
-0.71041815854735,-0.0621735918381513,0.144829770960735,0.0478809274439003,0.433227078881069,0.179168606203501,1,-0.396366345094517,-0.600881416560687,0.033928979275278,-0.486928032332317,0.388405969985399,0.27115784626528,0.194307445364658,0.10228061510383,0.148638013660532,-0.352548148055937
0.669568983130382,0.00516639077325018,-0.523503484719803,-0.0212339687705334,-0.371274894949648,0.120180867325146,-0.396366345094517,1,-0.189243923197086,0.00390063850041112,0.636234869396419,-0.429539530450315,-0.48084817746578,-0.308180729755089,-0.50045622871378,-0.240818359668829,0.695718040521258
0.134560209744563,0.183114103447541,0.148362662015094,-0.0353276490535829,0.15099068295806,-0.193971464609946,-0.600881416560687,-0.189243923197086,1,-0.0799542669840974,0.0674362729009346,-0.110720356047882,-0.017944562685074,-0.0284869613832158,-0.101246927972924,-0.0178456642266076,0.0562746900100243
0.132050372494783,-0.364429010252434,-0.314210340003463,-0.0207016993262234,0.0633567895442068,-0.0961725247371853,0.033928979275278,0.00390063850041112,-0.0799542669840974,1,0.155246684145587,-0.186582881314695,-0.214630474809035,0.35045576366732,0.17954459195626,0.592033532890961,0.162720321216323
0.710657986773597,-0.203500136605912,-0.493827389922237,-0.0337502644797718,-0.325567240620022,-0.0547819182258542,-0.486928032332317,0.636234869396419,0.0674362729009346,0.155246684145587,1,-0.538235677290432,-0.397139669106473,-0.0611368684757842,-0.106029753122117,-0.0363423094516087,0.590339022594419
-0.611975654082591,0.2365093764184,0.428323720345681,0.0574252731153446,0.0671676926484224,0.161519513368008,0.388405969985399,-0.429539530450315,-0.110720356047882,-0.186582881314695,-0.538235677290432,1,0.247754982282815,-0.0674235967116688,0.124160877873979,-0.131246400299861,-0.451618818272808
-0.363216995993439,0.181048063294391,0.494853143054,0.00264064704672485,0.218971931941314,0.127427845636771,0.27115784626528,-0.48084817746578,-0.017944562685074,-0.214630474809035,-0.397139669106473,0.247754982282815,1,-0.451609889248959,0.169698554757485,-0.111768770682298,-0.55473166478014
-0.132561401861688,-0.421540005942179,-0.254401682562818,0.00621122222276352,0.10763525241958,-0.152712968467163,0.194307445364658,-0.308180729755089,-0.0284869613832158,0.35045576366732,-0.0611368684757842,-0.0674235967116688,-0.451609889248959,1,0.383080405204188,0.491685997179196,-0.00120311861701613
-0.0436999365854457,-0.463576630475105,0.0917527627540694,0.00915937203661416,-0.176422911580097,-0.202209673389926,0.10228061510383,-0.50045622871378,-0.101246927972924,0.17954459195626,-0.106029753122117,0.124160877873979,0.169698554757485,0.383080405204188,1,0.311119553651824,-0.350944036322279
-0.0390935446513377,-0.410072989913044,-0.214500419009299,-0.0253921364069294,0.238189550528303,-0.15778588409097,0.148638013660532,-0.240818359668829,-0.0178456642266076,0.592033532890961,-0.0363423094516087,-0.131246400299861,-0.111768770682298,0.491685997179196,0.311119553651824,1,-0.00124200781270571
0.546506068943407,-0.290140805206392,-0.664687289252454,-0.0169411312738714,-0.186663857724863,-0.0575944146053359,-0.352548148055937,0.695718040521258,0.0562746900100243,0.162720321216323,0.590339022594419,-0.451618818272808,-0.55473166478014,-0.00120311861701613,-0.350944036322279,-0.00124200781270571,1
