data/MNTEMPWQ.asc
NCOLS 822 
NROWS 563 
XLLCORNER -58000 
YLLCORNER 5661000 
CELLSIZE 1000 
NODATA_value -9999 
[rows 473 to 515 of 563, columns 384 to 479 of 822]
100 100 102 103 105 106 107 109 109 108 108 108 107 107 108 117 0 -9999 -9999 -9999 -9999 -9999 -9999 121 117 116 107 106 104 104 103 104 106 107 -9999 -9999 -9999 -9999 -9999 -9999 -9999 -9999 -9999 -9999 -9999 -9999 -9999 103 100 98 98 99 98 99 101 101 100 98 97 91 91 95 93 92 91 92 95 92 92 91 86 87 90 90 90 90 89 89 91 92 93 96 93 92 92 88 91 93 89 93 89 91 92 95 93 90
101 100 103 103 104 107 108 109 109 108 108 108 108 107 107 106 108 118 -9999 -9999 -9999 -9999 -9999 -9999 106 106 105 105 104 103 103 103 105 107 -9999 -9999 -9999 -9999 -9999 -9999 -9999 -9999 -9999 -9999 -9999 -9999 104 102 100 98 98 99 100 98 102 102 99 96 90 89 92 93 95 95 92 91 94 93 92 93 89 86 87 87 85 86 86 86 87 88 90 94 96 97 94 90 93 92 92 94 94 94 95 95 91 88
102 101 103 105 107 109 109 109 109 -9999 -9999 -9999 -9999 -9999 -9999 107 107 107 -9999 -9999 -9999 -9999 -9999 107 -9999 -9999 106 106 104 104 104 105 105 -9999 -9999 -9999 -9999 -9999 -9999 -9999 -9999 -9999 -9999 -9999 -9999 -9999 103 101 100 99 100 100 100 103 102 100 97 93 90 88 91 92 94 94 93 90 92 92 89 88 86 85 83 84 84 86 87 88 88 90 90 93 93 95 96 94 95 91 92 94 96 94 93 95 91 87
104 104 105 106 108 109 109 -9999 -9999 -9999 -9999 -9999 -9999 -9999 -9999 -9999 -9999 -9999 107 107 -9999 -9999 -9999 -9999 -9999 -9999 -9999 0 105 105 105 -9999 -9999 -9999 -9999 -9999 106 105 -9999 105 105 104 -9999 -9999 -9999 104 103 101 99 100 101 104 102 103 102 98 94 94 95 91 90 93 92 92 91 90 92 91 89 86 86 86 85 87 87 88 89 89 89 92 89 91 91 92 95 96 96 93 92 95 96 93 89 92 92 90
103 105 106 107 108 110 -9999 -9999 -9999 -9999 -9999 -9999 -9999 -9999 -9999 -9999 -9999 -9999 -9999 -9999 -9999 -9999 -9999 -9999 -9999 -9999 -9999 -9999 -9999 0 -9999 0 -9999 -9999 -9999 -9999 -9999 105 106 106 108 105 105 106 106 104 102 99 99 102 103 104 102 101 102 98 99 95 92 91 91 92 92 90 91 92 94 91 90 88 89 89 88 89 92 92 91 92 90 92 91 91 93 91 94 97 97 95 93 96 95 91 88 89 90 90
105 107 108 107 108 111 -9999 -9999 -9999 -9999 -9999 -9999 -9999 -9999 -9999 -9999 -9999 -9999 -9999 -9999 -9999 -9999 -9999 -9999 -9999 -9999 -9999 -9999 -9999 -9999 -9999 -9999 -9999 -9999 -9999 -9999 -9999 106 105 106 105 106 106 105 104 102 101 103 101 103 103 102 101 101 101 100 97 94 93 91 94 93 92 90 91 93 95 91 92 92 91 89 90 91 92 92 93 93 93 93 93 94 96 95 95 97 97 97 95 97 96 94 89 88 86 87
107 107 108 109 -9999 -9999 -9999 -9999 -9999 -9999 -9999 -9999 -9999 -9999 -9999 -9999 -9999 -9999 -9999 -9999 -9999 -9999 -9999 -9999 -9999 -9999 -9999 -9999 -9999 -9999 -9999 -9999 -9999 -9999 -9999 -9999 -9999 106 107 106 105 105 106 105 103 102 103 103 105 105 103 103 101 100 98 97 94 92 91 96 94 91 94 93 92 93 95 92 92 91 89 89 89 92 94 93 95 95 96 95 96 96 97 96 96 96 97 97 96 96 94 95 93 89 86 85
107 109 108 -9999 -9999 -9999 -9999 -9999 -9999 -9999 -9999 -9999 -9999 -9999 -9999 -9999 -9999 -9999 -9999 -9999 -9999 -9999 -9999 -9999 -9999 -9999 -9999 -9999 -9999 -9999 -9999 -9999 -9999 -9999 -9999 -9999 -9999 108 105 105 108 108 106 107 106 105 104 106 105 103 103 101 100 99 95 93 91 91 93 99 93 93 94 94 93 93 95 94 91 89 88 90 89 91 92 93 94 94 96 96 97 96 97 97 98 96 97 97 96 95 94 93 94 91 91 90
109 109 0 -9999 -9999 -9999 -9999 -9999 -9999 -9999 -9999 -9999 -9999 -9999 -9999 -9999 -9999 107 106 107 106 107 107 107 106 -9999 -9999 -9999 -9999 -9999 -9999 -9999 -9999 -9999 -9999 -9999 -9999 108 106 106 105 107 106 107 106 106 106 105 102 103 102 102 98 96 94 92 93 93 95 99 94 94 96 95 97 96 95 93 92 88 89 89 89 89 92 92 93 93 94 95 95 95 97 98 98 97 99 97 95 93 93 93 92 88 88 88
108 109 -9999 -9999 -9999 -9999 -9999 -9999 -9999 -9999 -9999 -9999 -9999 -9999 -9999 109 107 107 107 109 107 107 107 107 107 106 0 -9999 -9999 -9999 -9999 -9999 -9999 -9999 -9999 -9999 -9999 108 108 107 107 107 107 107 107 106 104 101 97 98 99 99 98 95 94 94 97 93 96 99 97 98 99 98 97 95 93 91 92 90 90 91 92 92 94 94 95 95 93 97 96 97 97 97 98 99 99 97 96 92 91 90 88 90 89 86
108 110 -9999 -9999 -9999 -9999 -9999 -9999 -9999 -9999 -9999 -9999 -9999 -9999 109 109 106 108 109 109 106 107 105 107 107 107 -9999 -9999 -9999 -9999 -9999 -9999 -9999 -9999 -9999 -9999 107 108 107 107 107 107 107 107 107 106 100 97 94 95 96 97 98 94 94 95 100 94 96 101 97 100 99 99 94 92 91 94 93 92 92 94 95 96 96 96 97 98 98 98 98 98 97 98 98 98 97 94 94 93 90 88 87 90 90 88
108 111 -9999 -9999 -9999 -9999 -9999 -9999 -9999 -9999 -9999 -9999 -9999 110 109 108 106 108 107 108 107 108 108 106 107 -9999 -9999 -9999 -9999 -9999 -9999 -9999 -9999 -9999 -9999 -9999 -9999 108 108 108 107 107 107 107 107 105 100 94 94 96 97 98 98 96 97 96 98 97 97 100 100 98 99 95 92 90 91 97 95 97 97 97 98 98 98 97 97 96 98 98 99 99 97 99 99 99 97 96 95 94 92 91 89 91 89 92
-9999 -9999 -9999 -9999 -9999 -9999 -9999 -9999 -9999 -9999 -9999 -9999 -9999 109 108 109 108 109 109 107 108 108 108 107 107 109 -9999 -9999 -9999 -9999 -9999 -9999 -9999 -9999 -9999 -9999 -9999 109 108 108 108 108 108 107 106 104 99 95 96 99 99 99 99 98 99 96 97 100 99 98 101 100 96 93 90 93 96 99 99 99 98 99 98 98 98 98 98 98 98 98 99 99 98 99 99 98 96 96 94 93 93 91 91 92 93 93
-9999 -9999 -9999 -9999 -9999 -9999 -9999 -9999 -9999 -9999 -9999 -9999 -9999 109 109 109 108 108 108 107 107 108 108 108 109 108 -9999 -9999 -9999 -9999 -9999 -9999 -9999 -9999 -9999 -9999 -9999 109 109 108 108 108 107 106 105 101 98 97 98 101 101 101 100 99 99 99 99 100 102 101 100 101 95 95 95 98 101 100 99 99 99 99 99 99 98 98 98 98 99 99 99 100 100 100 98 97 94 96 94 94 93 92 92 93 94 94
-9999 -9999 -9999 -9999 -9999 -9999 -9999 -9999 -9999 -9999 -9999 -9999 110 110 110 109 108 108 108 108 108 -9999 109 109 109 108 -9999 -9999 0 -9999 -9999 -9999 -9999 -9999 -9999 -9999 -9999 109 108 108 108 107 105 103 100 99 99 100 101 102 101 101 100 98 102 101 101 99 101 99 100 102 99 101 99 100 100 100 100 100 100 98 98 99 98 99 99 100 99 99 100 100 100 100 96 96 94 94 93 93 93 92 92 93 96 97
-9999 -9999 -9999 -9999 -9999 -9999 -9999 -9999 -9999 -9999 110 110 109 -9999 -9999 -9999 108 108 108 108 -9999 -9999 -9999 -9999 -9999 -9999 0 109 109 109 0 -9999 -9999 -9999 107 108 108 106 107 105 104 103 102 101 100 100 101 101 103 102 102 102 101 102 103 102 100 99 102 100 100 102 102 102 100 103 101 100 99 99 99 98 99 99 97 100 100 100 99 99 99 99 100 100 96 95 95 93 93 94 93 92 94 96 97 97
-9999 -9999 -9999 -9999 -9999 -9999 -9999 -9999 -9999 -9999 -9999 -9999 -9999 -9999 -9999 -9999 -9999 -9999 108 -9999 -9999 -9999 -9999 -9999 -9999 -9999 -9999 110 109 0 -9999 -9999 108 107 106 104 105 104 105 103 104 104 104 103 102 101 103 103 103 103 104 102 103 103 101 103 101 101 102 101 100 102 103 102 102 103 101 100 99 99 99 99 99 98 98 100 100 100 100 100 100 100 100 100 97 95 94 94 95 95 93 94 96 98 98 97
-9999 -9999 -9999 -9999 -9999 -9999 -9999 -9999 -9999 -9999 -9999 -9999 -9999 -9999 -9999 -9999 -9999 -9999 -9999 -9999 -9999 -9999 -9999 -9999 -9999 -9999 -9999 -9999 0 -9999 -9999 -9999 0 0 0 0 0 0 106 105 105 106 105 105 104 104 104 103 104 105 104 104 104 105 103 103 102 102 102 103 103 104 103 103 103 102 101 100 100 99 99 98 99 98 99 99 99 100 100 100 100 99 100 100 97 95 94 95 95 95 96 98 98 98 97 96
-9999 -9999 -9999 -9999 -9999 -9999 -9999 -9999 -9999 -9999 -9999 -9999 -9999 -9999 -9999 -9999 -9999 -9999 -9999 -9999 -9999 -9999 -9999 -9999 -9999 -9999 -9999 -9999 -9999 108 -9999 -9999 -9999 -9999 -9999 -9999 -9999 -9999 -9999 0 106 107 107 106 106 106 105 104 106 104 106 106 105 105 104 104 103 103 103 104 104 103 103 103 102 101 101 101 100 98 98 98 98 99 99 99 99 99 100 99 99 97 99 98 96 96 95 96 97 97 98 99 98 98 97 95
-9999 -9999 -9999 -9999 -9999 -9999 -9999 -9999 -9999 -9999 -9999 -9999 -9999 -9999 -9999 -9999 -9999 -9999 -9999 -9999 -9999 -9999 -9999 -9999 -9999 -9999 -9999 -9999 -9999 -9999 108 -9999 -9999 -9999 -9999 -9999 -9999 -9999 -9999 -9999 -9999 109 108 106 107 106 106 106 107 107 107 107 105 105 105 104 102 104 102 103 101 100 104 104 102 101 102 102 100 100 99 98 97 97 99 99 99 99 99 98 99 99 99 98 99 98 97 98 99 98 97 97 96 97 92 92
-9999 -9999 -9999 -9999 -9999 -9999 -9999 -9999 -9999 -9999 -9999 -9999 -9999 -9999 -9999 -9999 -9999 -9999 -9999 -9999 -9999 -9999 -9999 -9999 -9999 -9999 -9999 -9999 -9999 -9999 105 -9999 -9999 -9999 -9999 -9999 -9999 -9999 -9999 -9999 -9999 -9999 -9999 108 108 107 107 107 108 108 107 107 106 103 103 101 98 102 102 99 98 97 100 101 101 101 99 101 100 99 98 99 98 96 98 99 99 99 98 97 98 98 98 99 100 100 100 100 99 99 98 97 97 93 92 90
-9999 -9999 -9999 -9999 -9999 -9999 -9999 -9999 -9999 -9999 -9999 -9999 -9999 -9999 -9999 -9999 -9999 -9999 -9999 -9999 -9999 -9999 -9999 -9999 -9999 -9999 -9999 -9999 -9999 -9999 -9999 -9999 -9999 -9999 -9999 -9999 -9999 -9999 -9999 -9999 -9999 -9999 -9999 -9999 108 107 108 108 108 107 105 106 107 101 99 99 98 98 98 97 97 97 96 97 97 97 96 97 100 98 98 98 98 98 98 99 99 98 97 99 98 96 97 98 99 100 101 100 99 98 95 91 96 91 91 90
-9999 -9999 -9999 -9999 -9999 -9999 -9999 -9999 -9999 -9999 -9999 -9999 -9999 -9999 -9999 -9999 -9999 -9999 -9999 -9999 -9999 -9999 -9999 -9999 -9999 -9999 -9999 -9999 -9999 -9999 -9999 -9999 -9999 -9999 -9999 -9999 -9999 -9999 -9999 -9999 -9999 -9999 -9999 -9999 108 108 107 107 108 107 102 104 103 99 99 99 99 98 98 98 97 96 96 96 95 96 97 96 97 96 96 98 98 100 98 97 97 98 99 99 97 98 97 98 100 99 100 99 97 98 96 92 92 91 91 90
-9999 -9999 -9999 -9999 -9999 -9999 -9999 -9999 -9999 -9999 -9999 -9999 -9999 -9999 -9999 -9999 -9999 -9999 -9999 -9999 -9999 -9999 -9999 -9999 -9999 -9999 -9999 -9999 -9999 -9999 -9999 -9999 -9999 -9999 -9999 -9999 -9999 -9999 -9999 -9999 -9999 -9999 -9999 -9999 -9999 108 108 107 107 107 101 100 99 99 99 99 99 98 98 97 97 97 96 95 95 96 97 97 96 96 96 96 96 95 95 98 97 97 99 98 96 97 98 99 99 99 95 99 95 93 93 93 93 92 91 90
-9999 -9999 -9999 -9999 -9999 -9999 -9999 -9999 -9999 -9999 -9999 -9999 -9999 -9999 -9999 -9999 -9999 -9999 -9999 -9999 -9999 -9999 -9999 -9999 -9999 -9999 -9999 -9999 -9999 -9999 -9999 -9999 -9999 -9999 -9999 -9999 -9999 -9999 -9999 -9999 -9999 -9999 -9999 -9999 -9999 -9999 104 107 102 103 100 99 98 99 100 99 98 98 98 97 97 97 96 97 97 97 97 97 97 96 97 97 96 95 94 94 98 98 94 93 93 92 99 96 98 97 96 98 94 94 94 93 93 92 89 89
-9999 -9999 -9999 -9999 -9999 -9999 -9999 -9999 -9999 -9999 -9999 -9999 -9999 -9999 -9999 -9999 -9999 -9999 -9999 -9999 -9999 -9999 -9999 -9999 -9999 -9999 -9999 -9999 -9999 -9999 -9999 -9999 -9999 -9999 -9999 -9999 -9999 -9999 -9999 -9999 -9999 -9999 -9999 -9999 -9999 -9999 0 102 99 99 99 98 98 99 99 98 98 97 97 98 97 96 97 98 98 99 99 97 98 98 98 97 95 97 96 94 92 93 92 92 93 94 95 95 95 96 95 94 94 94 93 93 92 90 88 86
-9999 -9999 -9999 -9999 -9999 -9999 -9999 -9999 -9999 -9999 -9999 -9999 -9999 -9999 -9999 -9999 -9999 -9999 -9999 -9999 -9999 -9999 -9999 -9999 -9999 -9999 -9999 -9999 -9999 -9999 -9999 -9999 -9999 -9999 -9999 -9999 -9999 -9999 -9999 -9999 -9999 -9999 -9999 -9999 -9999 -9999 -9999 0 99 100 98 97 98 98 98 97 98 97 97 97 96 97 98 98 98 99 98 97 98 98 98 97 96 97 96 95 94 93 93 93 93 94 95 96 95 95 95 94 94 93 93 92 91 88 86 84
-9999 -9999 -9999 -9999 -9999 -9999 -9999 -9999 -9999 -9999 -9999 -9999 -9999 -9999 -9999 -9999 -9999 -9999 -9999 -9999 -9999 -9999 -9999 -9999 -9999 -9999 -9999 -9999 -9999 -9999 -9999 -9999 -9999 -9999 -9999 -9999 -9999 -9999 -9999 -9999 -9999 -9999 -9999 -9999 -9999 -9999 -9999 -9999 99 98 99 98 98 98 97 97 97 97 97 96 97 98 98 98 99 98 98 99 98 98 98 98 98 97 97 95 94 93 91 93 93 94 95 96 96 95 94 95 94 93 93 92 89 86 84 84
-9999 -9999 -9999 -9999 -9999 -9999 -9999 -9999 -9999 -9999 -9999 -9999 -9999 -9999 -9999 -9999 -9999 -9999 -9999 -9999 -9999 -9999 -9999 -9999 -9999 -9999 -9999 -9999 -9999 -9999 -9999 -9999 -9999 -9999 -9999 -9999 -9999 -9999 -9999 -9999 -9999 -9999 -9999 -9999 -9999 -9999 -9999 -9999 0 98 99 98 98 98 98 97 97 97 97 97 98 99 98 -9999 -9999 -9999 -9999 -9999 -9999 99 98 98 98 98 97 97 95 93 91 91 93 95 95 96 96 96 95 95 94 94 92 90 88 86 86 85
-9999 -9999 -9999 -9999 -9999 -9999 -9999 -9999 -9999 -9999 -9999 -9999 -9999 -9999 -9999 -9999 -9999 -9999 -9999 -9999 -9999 -9999 -9999 -9999 -9999 -9999 -9999 -9999 -9999 -9999 -9999 -9999 -9999 -9999 -9999 -9999 -9999 -9999 -9999 -9999 -9999 -9999 -9999 -9999 -9999 -9999 -9999 -9999 -9999 100 100 100 99 98 98 97 97 97 97 98 99 -9999 -9999 -9999 0 0 -9999 -9999 -9999 -9999 -9999 99 98 98 98 96 94 94 93 92 94 95 96 96 96 96 95 95 95 93 92 90 87 87 87 86
-9999 -9999 -9999 -9999 -9999 -9999 -9999 -9999 -9999 -9999 -9999 -9999 -9999 -9999 -9999 -9999 -9999 -9999 -9999 -9999 -9999 -9999 -9999 -9999 -9999 -9999 -9999 -9999 -9999 -9999 -9999 -9999 -9999 -9999 -9999 -9999 -9999 -9999 -9999 -9999 -9999 -9999 -9999 -9999 -9999 -9999 -9999 -9999 -9999 101 99 99 99 99 99 98 98 97 97 -9999 -9999 -9999 -9999 -9999 -9999 98 99 -9999 -9999 -9999 -9999 -9999 98 98 98 97 96 96 95 96 95 97 97 96 97 96 96 95 95 93 91 90 88 89 89 88
-9999 -9999 -9999 -9999 -9999 -9999 -9999 -9999 -9999 -9999 -9999 -9999 -9999 -9999 -9999 -9999 -9999 -9999 -9999 -9999 -9999 -9999 -9999 -9999 -9999 -9999 -9999 -9999 -9999 -9999 -9999 -9999 -9999 -9999 -9999 -9999 -9999 -9999 -9999 -9999 -9999 -9999 -9999 -9999 -9999 -9999 -9999 -9999 -9999 -9999 -9999 99 99 99 99 99 98 99 98 -9999 -9999 -9999 -9999 -9999 -9999 -9999 -9999 98 99 99 -9999 -9999 0 98 97 97 97 97 97 96 97 97 97 97 97 96 97 95 94 92 91 89 89 89 91 89
-9999 -9999 -9999 -9999 -9999 -9999 -9999 -9999 -9999 -9999 -9999 -9999 -9999 -9999 -9999 -9999 -9999 -9999 -9999 -9999 -9999 -9999 -9999 -9999 -9999 -9999 -9999 -9999 -9999 -9999 -9999 -9999 -9999 -9999 -9999 -9999 -9999 -9999 -9999 -9999 -9999 -9999 -9999 -9999 -9999 -9999 -9999 -9999 -9999 -9999 -9999 -9999 100 99 -9999 -9999 98 -9999 -9999 -9999 -9999 -9999 -9999 -9999 -9999 -9999 -9999 -9999 99 99 -9999 -9999 -9999 97 97 97 97 97 96 96 97 97 97 98 97 96 97 95 94 93 92 90 90 90 91 91
-9999 -9999 -9999 -9999 -9999 -9999 -9999 -9999 -9999 -9999 -9999 -9999 -9999 -9999 -9999 -9999 -9999 -9999 -9999 -9999 -9999 -9999 -9999 -9999 -9999 -9999 -9999 -9999 -9999 -9999 -9999 -9999 -9999 -9999 -9999 -9999 -9999 -9999 -9999 -9999 -9999 -9999 -9999 -9999 -9999 -9999 -9999 -9999 -9999 -9999 -9999 -9999 -9999 -9999 -9999 -9999 -9999 -9999 -9999 -9999 -9999 -9999 -9999 -9999 -9999 -9999 -9999 -9999 -9999 100 99 -9999 -9999 98 98 98 98 97 96 97 97 97 97 97 98 96 96 96 94 92 92 91 91 92 91 92
-9999 -9999 -9999 -9999 -9999 -9999 -9999 -9999 -9999 -9999 -9999 -9999 -9999 -9999 -9999 -9999 -9999 -9999 -9999 -9999 -9999 -9999 -9999 -9999 -9999 -9999 -9999 -9999 -9999 -9999 -9999 -9999 -9999 -9999 -9999 -9999 -9999 -9999 -9999 -9999 -9999 -9999 -9999 -9999 -9999 -9999 -9999 -9999 -9999 -9999 -9999 -9999 -9999 -9999 -9999 -9999 -9999 -9999 -9999 -9999 -9999 -9999 -9999 -9999 -9999 -9999 -9999 -9999 -9999 -9999 99 99 98 -9999 98 98 98 98 97 98 98 97 97 97 97 96 96 96 95 94 93 92 91 93 92 92
-9999 -9999 -9999 -9999 -9999 -9999 -9999 -9999 -9999 -9999 -9999 -9999 -9999 -9999 -9999 -9999 -9999 -9999 -9999 -9999 -9999 -9999 -9999 -9999 -9999 -9999 -9999 -9999 -9999 -9999 -9999 -9999 -9999 -9999 -9999 -9999 -9999 -9999 -9999 -9999 -9999 -9999 -9999 -9999 -9999 -9999 -9999 -9999 -9999 -9999 -9999 -9999 -9999 -9999 -9999 -9999 -9999 -9999 -9999 -9999 -9999 -9999 -9999 -9999 -9999 -9999 -9999 -9999 -9999 -9999 98 98 98 99 98 98 98 98 97 98 98 97 97 97 97 97 96 96 94 95 95 95 94 93 91 92
-9999 -9999 -9999 -9999 -9999 -9999 -9999 -9999 -9999 -9999 -9999 -9999 -9999 -9999 -9999 -9999 -9999 -9999 -9999 -9999 -9999 -9999 -9999 -9999 -9999 -9999 -9999 -9999 -9999 -9999 -9999 -9999 -9999 -9999 -9999 -9999 -9999 -9999 -9999 -9999 -9999 -9999 -9999 -9999 -9999 -9999 -9999 -9999 -9999 -9999 -9999 -9999 -9999 -9999 -9999 -9999 -9999 -9999 -9999 -9999 -9999 -9999 -9999 -9999 -9999 -9999 -9999 -9999 -9999 -9999 -9999 98 99 99 99 98 99 98 98 98 98 98 97 97 97 97 97 95 94 94 94 93 93 93 92 91
-9999 -9999 -9999 -9999 -9999 -9999 -9999 -9999 -9999 -9999 -9999 -9999 -9999 -9999 -9999 -9999 -9999 -9999 -9999 -9999 -9999 -9999 -9999 -9999 -9999 -9999 -9999 -9999 -9999 -9999 -9999 -9999 -9999 -9999 -9999 -9999 -9999 -9999 -9999 -9999 -9999 -9999 -9999 -9999 -9999 -9999 -9999 -9999 -9999 -9999 -9999 -9999 -9999 -9999 -9999 -9999 -9999 -9999 -9999 -9999 -9999 -9999 -9999 -9999 -9999 -9999 -9999 -9999 -9999 -9999 -9999 -9999 98 99 99 98 98 98 99 98 98 98 98 98 97 97 96 95 94 93 93 93 93 92 92 92
-9999 -9999 -9999 -9999 -9999 -9999 -9999 -9999 -9999 -9999 -9999 -9999 -9999 -9999 -9999 -9999 -9999 -9999 -9999 -9999 -9999 -9999 -9999 -9999 -9999 -9999 -9999 -9999 -9999 -9999 -9999 -9999 -9999 -9999 -9999 -9999 -9999 -9999 -9999 -9999 -9999 -9999 -9999 -9999 -9999 -9999 -9999 -9999 -9999 -9999 -9999 -9999 -9999 -9999 -9999 -9999 -9999 -9999 -9999 -9999 -9999 -9999 -9999 -9999 -9999 -9999 -9999 -9999 -9999 -9999 -9999 -9999 -9999 98 98 98 98 98 98 99 98 98 98 98 97 97 96 95 94 93 94 93 92 92 91 90
-9999 -9999 -9999 -9999 -9999 -9999 -9999 -9999 -9999 -9999 -9999 -9999 -9999 -9999 -9999 -9999 -9999 -9999 -9999 -9999 -9999 -9999 -9999 -9999 -9999 -9999 -9999 -9999 -9999 -9999 -9999 -9999 -9999 -9999 -9999 -9999 -9999 -9999 -9999 -9999 -9999 -9999 -9999 -9999 -9999 -9999 -9999 -9999 -9999 -9999 -9999 -9999 -9999 -9999 -9999 -9999 -9999 -9999 -9999 -9999 -9999 -9999 -9999 -9999 -9999 -9999 -9999 -9999 -9999 -9999 -9999 -9999 -9999 99 98 98 98 98 98 98 98 97 96 96 96 97 96 95 94 93 93 93 91 91 90 88
-9999 -9999 -9999 -9999 -9999 -9999 -9999 -9999 -9999 -9999 -9999 -9999 -9999 -9999 -9999 -9999 -9999 -9999 -9999 -9999 -9999 -9999 -9999 -9999 -9999 -9999 -9999 -9999 -9999 -9999 -9999 -9999 -9999 -9999 -9999 -9999 -9999 -9999 -9999 -9999 -9999 -9999 -9999 -9999 -9999 -9999 -9999 -9999 -9999 -9999 -9999 -9999 -9999 -9999 -9999 -9999 -9999 -9999 -9999 -9999 -9999 -9999 -9999 -9999 -9999 -9999 -9999 -9999 -9999 -9999 -9999 -9999 -9999 -9999 96 97 97 97 98 98 97 96 95 94 96 96 95 95 94 93 92 92 92 91 90 88
-9999 -9999 -9999 -9999 -9999 -9999 -9999 -9999 -9999 -9999 -9999 -9999 -9999 -9999 -9999 -9999 -9999 -9999 -9999 -9999 -9999 -9999 -9999 -9999 -9999 -9999 -9999 -9999 -9999 -9999 -9999 -9999 -9999 -9999 -9999 -9999 -9999 -9999 -9999 -9999 -9999 -9999 -9999 -9999 -9999 -9999 -9999 -9999 -9999 -9999 -9999 -9999 -9999 -9999 -9999 -9999 -9999 -9999 -9999 -9999 -9999 -9999 -9999 -9999 -9999 -9999 -9999 -9999 -9999 -9999 -9999 -9999 -9999 -9999 -9999 98 98 97 98 98 97 96 94 95 97 96 95 94 94 93 91 91 91 91 90 90
-9999 -9999 -9999 -9999 -9999 -9999 -9999 -9999 -9999 -9999 -9999 -9999 -9999 -9999 -9999 -9999 -9999 -9999 -9999 -9999 -9999 -9999 -9999 -9999 -9999 -9999 -9999 -9999 -9999 -9999 -9999 -9999 -9999 -9999 -9999 -9999 -9999 -9999 -9999 -9999 -9999 -9999 -9999 -9999 -9999 -9999 -9999 -9999 -9999 -9999 -9999 -9999 -9999 -9999 -9999 -9999 -9999 -9999 -9999 -9999 -9999 -9999 -9999 -9999 -9999 -9999 -9999 -9999 -9999 -9999 -9999 -9999 -9999 -9999 -9999 0 98 97 97 97 97 96 96 96 97 96 95 94 93 92 91 90 90 92 92 94
