data/MNTEMPWQ.asc
NCOLS 822 
NROWS 563 
XLLCORNER -58000 
YLLCORNER 5661000 
CELLSIZE 1000 
NODATA_value -9999 
[rows 215 to 257 of 563, columns 288 to 383 of 822]
124 124 124 124 124 124 124 124 124 124 124 124 124 124 124 124 124 124 123 124 124 124 124 124 124 124 124 124 124 124 124 124 124 124 124 124 124 123 124 123 123 123 123 123 123 123 123 123 123 122 122 122 122 122 123 -9999 -9999 -9999 -9999 -9999 -9999 -9999 -9999 -9999 -9999 -9999 -9999 -9999 -9999 -9999 -9999 -9999 -9999 -9999 -9999 -9999 -9999 -9999 -9999 -9999 -9999 -9999 -9999 -9999 -9999 -9999 -9999 -9999 122 122 122 122 122 122 123 122
124 124 124 124 124 124 124 124 124 124 124 124 124 124 124 123 123 122 123 123 124 124 124 124 124 124 124 124 124 124 124 124 124 124 124 124 123 123 123 123 123 123 123 123 123 123 123 122 122 122 122 122 122 122 123 -9999 122 122 123 -9999 -9999 -9999 -9999 -9999 -9999 -9999 -9999 -9999 -9999 -9999 -9999 -9999 -9999 -9999 -9999 -9999 -9999 -9999 -9999 -9999 -9999 -9999 -9999 -9999 -9999 -9999 -9999 -9999 -9999 122 122 122 122 122 122 122
124 124 124 124 124 124 124 124 123 124 124 124 124 124 123 122 122 122 122 122 123 124 124 124 124 124 124 124 124 124 124 124 124 123 123 124 123 123 123 123 123 123 123 123 123 123 123 123 123 123 123 123 123 123 123 -9999 121 123 122 -9999 -9999 122 -9999 -9999 -9999 -9999 -9999 -9999 -9999 -9999 -9999 -9999 -9999 -9999 -9999 -9999 -9999 -9999 121 122 122 122 122 122 -9999 -9999 -9999 -9999 122 123 122 122 122 122 122 122
124 124 124 124 124 124 124 124 124 124 124 124 124 124 124 123 122 121 122 123 123 124 124 124 124 124 124 123 124 124 123 123 123 123 123 123 123 123 123 123 123 123 123 123 123 123 123 123 123 123 123 123 123 123 123 -9999 122 122 122 -9999 121 121 -9999 -9999 -9999 -9999 -9999 -9999 -9999 -9999 -9999 -9999 -9999 -9999 -9999 -9999 122 122 122 121 122 121 122 122 -9999 -9999 -9999 122 122 122 122 122 122 122 122 122
124 124 124 124 124 124 124 124 124 124 124 124 124 124 124 124 123 122 123 124 124 124 124 124 124 123 123 123 123 123 124 124 123 123 123 123 123 123 123 123 123 123 123 123 123 123 123 123 123 123 123 123 123 123 122 122 122 122 122 122 121 121 -9999 -9999 -9999 -9999 -9999 -9999 -9999 -9999 -9999 -9999 -9999 -9999 -9999 -9999 122 121 122 122 121 122 122 122 122 122 123 122 122 123 122 122 122 122 122 122
124 124 124 124 124 124 124 124 124 124 124 124 124 124 124 123 123 123 123 124 124 123 123 124 124 123 124 123 124 124 123 123 123 123 123 123 123 123 123 123 123 123 123 123 123 123 123 123 123 123 123 123 122 122 122 122 122 122 121 121 121 121 -9999 -9999 122 -9999 -9999 -9999 -9999 -9999 -9999 -9999 -9999 -9999 -9999 -9999 122 121 121 122 122 122 121 122 122 122 122 122 122 122 122 122 122 123 123 123
124 124 124 124 124 124 124 124 124 124 124 124 124 124 124 124 123 123 123 123 122 122 123 123 124 123 124 123 123 123 123 123 123 123 123 123 123 123 123 123 123 123 123 123 123 123 123 123 123 122 122 122 122 122 122 122 122 121 121 121 121 122 122 122 122 -9999 -9999 -9999 -9999 -9999 -9999 -9999 -9999 -9999 -9999 122 121 122 122 122 121 121 122 122 122 122 122 122 122 122 122 121 122 122 122 122
124 124 124 124 124 124 124 124 124 124 124 124 123 123 123 123 123 123 123 123 123 122 123 123 123 123 123 123 123 123 123 123 123 123 123 123 123 123 123 123 123 123 123 123 123 123 123 123 123 122 122 122 122 122 122 122 121 121 121 121 122 122 122 122 122 -9999 121 -9999 -9999 -9999 -9999 -9999 -9999 121 121 121 121 122 122 122 122 122 122 122 121 122 122 122 121 121 122 121 121 121 122 121
124 124 124 124 124 124 124 123 124 123 123 123 123 123 123 123 123 123 123 123 123 123 123 123 123 123 123 123 123 123 123 123 123 123 123 123 123 123 123 123 123 123 123 123 123 123 123 122 122 122 122 122 122 122 122 122 122 122 122 122 122 122 122 122 122 121 121 -9999 -9999 -9999 -9999 121 -9999 121 121 122 122 122 122 122 122 122 122 122 122 122 122 121 121 121 122 121 121 121 122 122
124 124 123 123 123 123 123 123 123 123 123 123 123 123 123 123 123 123 123 122 122 122 122 123 123 123 123 123 123 123 123 123 123 123 123 123 123 123 123 123 123 123 123 123 123 122 122 122 122 122 122 122 122 122 122 122 122 122 122 122 122 122 122 121 121 121 121 121 121 121 121 121 121 121 121 122 122 122 122 122 122 122 122 122 122 122 122 121 121 121 121 121 121 121 121 121
123 123 123 123 123 123 123 123 123 123 123 123 123 123 123 123 123 123 122 122 121 121 121 123 123 123 123 123 123 123 123 123 123 123 123 123 123 123 123 123 123 123 122 122 123 123 122 122 122 122 122 122 122 122 122 122 122 122 122 122 122 122 121 121 121 121 121 120 120 121 121 121 121 121 121 121 121 122 122 122 122 121 122 121 122 122 122 121 122 122 121 121 121 121 121 121
123 122 123 122 122 122 123 123 123 123 123 123 123 123 123 123 123 123 122 121 121 119 120 121 123 123 123 123 123 123 123 123 123 123 123 123 122 122 122 122 122 122 123 122 122 122 122 122 122 122 122 122 122 122 122 122 122 122 122 122 121 121 121 121 121 120 120 121 121 121 121 121 121 121 121 121 121 122 121 121 120 120 121 122 122 122 121 121 122 121 121 121 121 121 121 121
123 122 122 122 122 122 122 123 123 123 123 123 122 122 122 122 122 122 121 120 119 119 120 121 123 123 122 122 122 123 123 122 122 122 122 122 122 122 122 122 122 122 122 122 122 122 122 122 122 122 122 122 122 122 122 122 122 122 121 121 121 121 120 120 120 120 121 121 121 120 120 121 121 121 121 121 121 122 121 121 120 120 120 121 122 121 121 121 121 121 121 121 121 121 121 121
123 123 123 122 123 123 123 123 123 122 122 122 122 122 122 122 123 122 121 120 121 120 120 122 123 122 122 122 122 122 122 122 122 122 122 122 122 122 122 122 122 122 122 122 122 122 122 122 122 122 122 122 122 122 122 122 121 121 121 121 121 121 121 121 121 121 121 121 121 121 121 121 120 120 121 121 121 121 121 122 121 120 120 121 121 121 121 121 121 121 121 121 121 121 121 121
123 123 123 123 123 123 123 123 123 123 122 122 122 122 122 123 122 122 121 121 121 120 119 121 122 123 122 122 122 122 122 122 122 122 122 122 122 122 122 122 122 122 122 122 122 122 122 122 122 122 122 122 122 122 122 122 121 121 121 121 121 121 121 121 121 121 121 121 121 121 121 121 120 120 120 120 120 121 121 121 121 121 121 121 121 121 121 121 121 121 121 121 121 121 121 121
123 123 123 123 123 123 122 123 123 123 123 123 123 123 123 123 122 123 123 122 121 120 120 122 123 123 122 122 122 122 122 122 122 122 122 122 122 122 123 122 122 122 122 122 122 122 122 122 121 121 121 122 122 121 122 121 121 121 121 121 121 121 121 121 121 121 121 121 121 121 121 121 121 121 121 121 120 120 120 120 121 121 121 121 121 121 121 121 121 121 121 121 121 121 121 121
123 123 122 122 123 123 123 123 123 123 123 123 123 123 123 123 123 122 123 122 120 120 121 123 123 122 123 122 122 123 123 123 122 122 122 122 122 122 122 122 122 122 122 122 122 122 122 121 121 121 121 121 122 121 121 121 121 121 121 121 121 121 121 121 121 121 121 121 121 121 121 121 121 121 121 121 121 121 121 121 121 120 121 121 121 121 121 121 121 121 121 121 121 121 120 120
122 122 122 122 122 122 122 123 123 123 122 122 122 122 123 123 123 123 122 123 121 121 122 123 123 122 123 123 122 122 122 122 122 122 122 122 122 122 122 122 122 122 122 122 122 122 121 121 121 121 121 122 121 121 121 121 121 121 121 121 121 121 121 121 121 121 121 121 121 121 121 121 121 121 121 121 121 121 121 121 121 121 121 121 121 121 121 121 121 121 121 121 120 119 101 101
122 122 122 122 122 122 122 122 122 122 122 122 122 122 122 122 122 122 122 123 122 123 123 122 122 122 122 122 122 122 122 122 122 122 122 122 122 122 122 122 121 121 121 121 121 121 121 121 121 121 121 121 121 121 121 121 121 121 121 121 121 121 121 121 121 121 121 121 121 121 121 121 121 121 121 121 121 121 121 121 121 121 121 121 121 121 121 121 121 119 119 115 102 102 121 121
122 122 122 122 122 122 122 122 122 122 122 122 122 122 122 122 122 122 122 122 122 122 122 122 122 122 122 122 122 122 122 122 122 122 122 122 122 121 121 121 121 121 121 121 121 121 121 121 121 121 121 121 121 121 121 121 121 121 121 121 121 121 121 121 121 121 121 121 121 121 121 121 121 121 121 121 121 121 121 121 121 121 121 121 121 121 119 118 115 103 103 106 121 121 121 121
122 122 122 122 122 122 122 122 122 122 122 122 122 122 122 122 122 122 122 122 122 122 122 122 122 122 122 122 122 122 122 122 122 122 122 121 121 121 121 121 121 121 121 121 121 121 121 121 121 121 121 121 121 121 121 121 121 121 121 121 121 121 121 121 121 121 121 120 121 121 120 120 120 121 121 121 121 121 121 121 121 121 119 120 121 118 103 103 107 121 121 121 121 121 121 121
122 122 122 122 122 122 122 122 122 122 122 122 122 122 122 122 122 122 122 122 122 122 122 122 122 122 122 122 122 122 121 121 121 121 121 121 121 121 121 121 121 121 121 121 121 122 121 121 121 121 121 121 121 121 121 121 121 121 120 121 121 121 121 121 121 121 120 120 120 120 120 120 120 120 121 121 121 121 121 121 121 121 99 111 121 121 121 121 121 121 121 121 121 121 121 121
122 122 122 122 122 122 122 122 122 122 122 122 122 122 122 122 122 122 122 122 122 122 122 122 122 122 122 122 122 122 121 121 121 121 121 121 121 121 121 121 122 121 121 121 121 121 121 121 121 121 121 121 121 121 121 120 120 120 120 121 121 121 121 121 120 120 120 120 120 120 120 120 120 120 121 121 121 121 121 121 121 121 106 121 121 121 121 121 121 121 121 121 121 121 120 109
122 122 122 122 122 122 122 122 122 122 122 122 122 122 122 122 122 122 122 122 122 122 122 122 122 122 122 122 122 121 121 121 121 121 121 121 121 121 121 121 121 121 121 121 121 121 121 121 121 121 121 121 120 121 120 120 120 120 120 120 121 120 120 120 120 120 120 120 120 120 120 120 120 120 120 121 121 121 121 121 121 121 121 121 121 121 121 121 121 121 121 120 109 108 107 99
122 122 122 122 122 122 122 122 122 122 122 122 122 122 122 122 122 122 122 122 122 122 122 122 122 122 122 121 121 121 121 121 121 121 121 121 121 121 122 121 121 121 121 121 121 121 121 121 121 120 121 120 120 120 120 120 120 120 120 120 120 120 120 120 120 120 120 120 120 120 120 120 120 120 120 120 120 120 121 121 121 121 121 121 121 121 121 112 109 108 108 107 98 98 98 98
122 122 122 122 122 122 122 121 122 122 122 122 122 122 122 122 122 122 122 122 122 122 122 122 121 121 121 121 121 121 121 121 121 122 122 122 122 121 121 121 121 121 121 121 120 120 120 120 120 121 120 120 120 120 120 120 120 120 120 120 120 120 120 120 120 120 120 120 120 120 120 120 120 120 120 120 120 120 120 120 120 120 120 120 120 120 108 101 98 98 98 99 98 98 98 98
122 122 122 122 122 122 122 122 121 122 122 122 122 122 122 122 122 122 122 122 122 122 122 122 122 121 121 121 122 122 122 122 122 122 122 122 121 122 121 121 121 121 121 121 120 121 121 121 120 120 120 120 120 120 120 120 120 120 120 121 120 121 121 120 120 120 120 120 120 120 120 120 120 120 120 120 120 120 120 120 120 120 120 111 111 106 98 98 98 98 98 98 104 116 98 98
121 121 121 121 122 122 122 121 121 121 121 121 122 122 121 122 122 122 122 122 122 122 122 121 121 121 121 122 122 122 122 122 122 122 121 121 121 121 121 121 121 121 120 121 121 121 120 120 120 120 120 120 120 120 120 120 120 121 120 121 120 121 120 120 120 120 120 120 120 120 120 120 120 120 120 120 120 120 120 120 120 112 105 100 101 98 98 98 115 116 116 117 118 120 118 119
121 121 121 121 121 121 121 120 121 121 121 121 121 121 121 122 122 122 122 122 121 121 121 121 121 121 121 122 122 122 122 122 121 121 121 121 121 121 121 121 121 120 120 121 121 121 120 120 120 120 120 120 120 120 120 120 120 120 120 120 120 120 120 120 120 120 120 120 120 120 120 120 120 120 120 120 120 120 112 105 105 101 98 115 115 116 116 117 120 120 120 120 120 106 98 98
121 120 120 120 120 120 120 120 120 120 121 120 121 121 121 121 122 121 121 121 121 122 121 121 121 122 122 122 122 122 122 121 121 121 121 121 121 121 121 120 120 120 120 121 120 121 120 120 120 120 120 120 120 120 120 120 120 120 120 120 120 120 120 120 120 120 120 120 120 120 120 120 120 120 120 120 120 120 117 115 115 116 116 120 120 120 120 120 120 120 120 120 98 97 97 97
120 120 120 120 120 120 121 121 121 121 121 121 121 121 121 121 121 121 122 121 121 121 122 121 121 121 122 122 121 121 121 121 121 121 121 121 121 121 121 120 120 121 121 121 120 120 120 120 120 120 120 120 120 120 120 120 120 120 120 120 120 120 119 120 120 119 119 119 119 120 120 120 120 120 120 120 120 119 120 120 120 120 120 120 120 120 120 120 119 119 107 98 98 97 97 97
121 121 121 121 120 121 121 121 121 121 121 121 121 121 121 121 121 121 121 121 121 121 121 121 121 121 121 121 121 121 121 121 121 121 121 121 121 121 120 120 121 121 121 120 120 120 120 120 120 120 120 120 120 120 120 119 119 120 120 120 119 119 119 119 119 119 119 119 119 119 119 119 120 120 120 120 120 120 120 120 120 120 120 120 120 119 118 118 101 98 98 97 97 97 97 97
121 121 121 121 121 121 121 121 121 121 121 121 121 121 121 121 121 121 121 121 121 121 121 121 121 121 121 121 121 121 121 121 121 121 121 121 121 120 120 120 121 120 120 120 120 120 120 120 120 120 119 119 119 120 120 119 119 119 119 119 119 119 119 119 119 119 119 119 119 119 119 119 119 119 120 120 120 120 120 120 120 120 119 118 118 102 98 98 97 98 97 97 97 97 97 97
121 121 121 121 121 121 121 121 121 121 121 121 121 121 121 121 121 121 121 121 121 121 121 121 121 121 121 121 121 121 121 121 121 121 121 121 120 120 120 120 121 120 120 120 120 120 120 119 119 119 119 119 119 119 119 119 119 119 119 119 119 119 119 119 119 119 119 119 119 119 119 119 119 119 119 119 120 120 119 118 118 117 102 98 98 98 98 97 97 98 97 97 97 97 97 97
121 121 121 121 121 121 121 121 121 121 121 121 121 121 121 121 121 121 121 121 121 121 121 121 121 121 121 121 121 121 121 121 121 121 120 120 120 120 121 121 121 120 120 120 120 120 119 119 119 119 119 119 119 119 119 119 120 120 119 119 119 119 119 119 119 119 119 119 119 119 119 119 119 119 119 120 106 119 101 102 102 103 103 104 104 104 105 101 97 97 97 97 97 97 97 97
121 121 121 121 121 121 121 121 121 121 121 121 121 121 121 121 121 121 121 121 121 121 121 121 121 121 121 121 121 121 121 121 121 121 120 120 120 120 121 121 120 120 120 120 120 119 120 120 120 120 120 120 120 120 120 120 119 120 119 119 119 119 119 119 119 119 119 119 119 119 119 117 118 119 119 119 119 119 120 120 120 120 120 120 120 119 120 114 107 108 104 97 97 97 97 97
120 121 121 121 121 121 121 121 121 121 121 121 121 121 121 121 121 121 121 121 121 121 121 121 121 121 121 121 121 121 121 121 121 120 120 120 120 120 121 121 120 120 120 120 120 120 120 120 120 120 120 120 120 120 120 120 119 119 119 119 119 119 119 119 119 119 119 119 117 119 116 97 106 119 119 119 119 119 119 119 119 119 119 119 119 119 109 119 111 107 103 97 97 97 97 97
120 120 120 120 121 121 120 121 121 121 121 121 121 121 121 121 121 121 121 121 121 121 121 121 121 121 121 121 121 121 121 121 121 120 120 120 120 120 121 120 120 120 120 120 120 120 120 120 120 120 119 119 119 120 120 119 119 119 119 119 119 119 119 119 119 119 119 118 102 119 105 96 116 116 119 119 119 119 119 119 119 119 119 119 108 107 97 106 100 97 97 97 97 97 97 97
120 120 120 120 120 120 120 121 121 121 121 121 121 121 121 121 121 121 121 121 121 121 121 121 121 121 121 121 121 121 121 120 120 120 120 120 120 120 120 120 120 120 120 120 120 120 120 120 120 119 119 119 119 119 119 119 119 119 119 119 119 119 119 119 119 118 118 118 119 117 106 96 107 105 118 119 119 119 112 119 119 116 107 106 97 97 97 97 97 97 97 97 97 97 97 97
120 120 120 120 120 120 120 120 120 120 120 120 120 120 121 121 121 121 121 121 121 121 121 121 121 121 121 121 121 121 120 120 120 120 120 120 120 120 120 120 120 120 120 120 120 120 120 120 119 120 119 119 119 119 119 119 119 119 119 118 119 118 118 119 119 119 119 115 117 109 106 97 98 101 108 119 119 109 100 107 106 103 98 98 97 97 97 97 97 97 97 97 97 97 97 97
120 120 120 120 120 120 120 120 120 120 120 120 120 120 120 120 120 121 121 121 121 121 121 121 121 121 121 121 121 120 120 120 120 120 120 120 120 120 120 120 120 120 120 120 120 119 120 120 120 119 119 119 118 119 119 119 119 119 119 119 118 119 118 119 118 119 119 111 108 98 101 104 109 107 108 119 119 112 108 106 99 97 98 97 97 97 97 97 97 97 97 97 97 97 97 97
120 120 120 120 120 120 120 120 120 120 120 120 120 120 120 120 120 120 120 120 120 120 121 121 121 121 120 121 120 120 120 120 120 120 120 120 120 120 120 120 120 120 119 120 120 120 119 119 119 119 119 119 118 118 118 119 118 118 119 119 119 119 119 119 119 118 109 108 98 95 95 104 107 114 118 119 119 119 118 116 114 114 106 97 97 97 97 97 97 97 97 97 97 97 97 97
120 120 120 120 120 120 120 120 120 120 120 120 120 120 119 120 120 120 120 120 120 120 120 120 120 120 120 120 120 120 120 120 120 120 120 120 120 120 120 120 120 120 119 120 119 119 119 119 119 119 119 118 118 118 118 119 119 119 119 119 119 119 119 119 119 118 97 108 98 94 95 96 110 111 120 119 119 119 119 119 119 119 118 117 117 118 118 119 107 97 97 97 97 97 97 97
