data/MNTEMPWQ.asc
NCOLS 822 
NROWS 563 
XLLCORNER -58000 
YLLCORNER 5661000 
CELLSIZE 1000 
NODATA_value -9999 
[rows 215 to 257 of 563, columns 480 to 575 of 822]
96 96 96 96 95 95 95 96 95 95 95 95 95 95 95 94 94 94 94 94 94 93 93 93 93 93 93 91 90 90 91 91 91 92 91 91 91 91 91 90 90 89 89 90 91 91 91 91 91 91 91 91 91 91 91 91 91 92 92 92 92 92 -9999 -9999 -9999 -9999 -9999 -9999 -9999 -9999 -9999 -9999 -9999 -9999 -9999 -9999 -9999 -9999 -9999 -9999 -9999 -9999 -9999 92 91 89 85 82 86 89 89 91 90 90 89 88
97 96 96 96 96 95 96 95 95 95 95 95 95 95 94 94 94 94 94 94 93 93 93 93 93 92 92 92 90 90 91 91 91 91 91 91 91 90 90 90 89 88 88 89 90 90 91 90 90 90 90 90 91 90 91 90 91 91 92 92 92 92 -9999 -9999 -9999 92 92 -9999 -9999 -9999 -9999 -9999 -9999 -9999 -9999 -9999 -9999 -9999 -9999 -9999 -9999 -9999 -9999 92 90 86 77 77 84 86 88 91 89 86 88 86
96 96 96 96 96 96 96 95 95 95 95 95 95 95 94 94 94 94 94 94 93 93 93 93 92 92 92 92 91 90 91 91 91 91 90 90 90 90 89 90 89 88 88 88 89 90 90 90 90 90 90 89 90 89 89 89 90 90 90 91 92 92 -9999 92 92 92 92 -9999 84 -9999 -9999 -9999 -9999 -9999 84 85 -9999 -9999 93 -9999 -9999 -9999 -9999 92 88 80 70 74 80 84 88 89 87 83 86 86
96 96 96 96 96 96 95 95 95 95 95 95 95 94 94 94 94 94 94 93 93 93 93 93 92 92 92 92 91 91 91 91 91 90 90 89 89 89 89 89 88 88 87 88 89 89 90 90 90 90 88 89 88 83 84 87 88 88 87 87 88 91 92 92 92 92 92 92 91 -9999 -9999 -9999 -9999 -9999 84 86 93 93 93 -9999 -9999 -9999 -9999 90 84 80 71 71 76 84 87 87 84 79 80 84
95 96 96 96 96 96 96 95 95 95 95 95 95 94 94 94 94 95 94 93 93 93 93 93 92 92 92 91 91 91 91 91 90 90 90 90 90 89 89 88 87 87 87 86 88 89 89 89 89 88 82 83 78 75 78 77 80 81 81 78 84 90 92 92 92 91 91 92 92 92 -9999 -9999 -9999 93 85 91 89 93 93 -9999 -9999 -9999 -9999 89 83 75 71 76 77 84 86 86 81 73 77 82
94 96 96 96 96 96 95 95 95 95 95 95 94 94 94 94 94 94 93 93 93 93 93 92 92 92 91 91 91 91 91 91 91 90 90 90 89 89 88 87 86 86 86 85 86 87 88 89 89 89 88 87 87 79 78 79 79 77 75 73 81 89 90 90 91 91 91 91 92 92 92 92 90 84 92 93 93 93 93 92 92 92 91 88 84 77 80 81 77 80 84 84 81 71 69 67
94 95 96 96 96 96 96 95 95 95 95 94 94 94 94 94 94 94 93 93 93 93 92 92 92 92 91 91 91 91 91 90 90 90 90 89 88 88 88 86 85 84 84 85 85 86 88 88 89 89 88 88 88 88 86 84 81 76 75 74 79 81 85 90 90 91 91 91 92 92 90 89 82 92 93 86 93 92 92 91 91 91 91 88 82 79 85 84 81 80 83 81 72 65 63 61
94 95 95 96 96 94 95 95 95 95 95 94 94 94 94 94 94 94 93 93 93 93 92 92 92 92 92 91 91 91 91 90 90 90 89 89 88 88 87 86 85 84 83 83 83 86 86 87 88 88 88 88 87 86 84 83 82 78 75 78 80 85 87 88 89 90 91 91 91 91 89 82 85 92 93 92 92 90 91 91 92 91 91 89 84 85 86 83 81 84 85 84 79 74 68 64
95 95 95 95 95 94 94 95 94 94 94 94 94 94 94 94 94 94 93 93 93 93 92 92 92 92 91 91 91 91 90 90 90 90 89 89 89 88 86 86 86 87 86 86 85 85 85 86 87 88 88 88 87 86 83 79 74 72 72 76 77 81 85 85 86 88 90 90 91 90 89 90 89 92 92 92 92 90 90 91 92 91 92 90 90 87 82 81 83 86 86 83 81 78 75 70
95 95 95 95 95 95 95 94 95 94 94 94 94 94 93 94 94 93 93 93 93 92 92 92 92 91 91 91 91 91 90 90 89 89 89 88 89 88 88 88 87 86 87 86 85 85 84 83 85 86 86 87 87 87 86 84 79 76 77 80 81 84 85 84 83 87 91 89 87 88 89 90 91 92 93 93 92 87 87 89 91 92 92 91 91 87 77 82 85 88 83 80 78 74 73 73
95 94 95 94 94 95 95 95 95 94 94 94 94 94 93 93 93 93 93 93 93 92 92 92 92 91 91 91 90 90 90 89 89 88 88 88 88 88 87 87 87 87 87 86 84 83 81 80 81 84 85 86 87 87 86 85 84 81 77 77 77 81 82 84 85 88 90 89 84 85 86 90 91 91 92 92 92 86 81 83 88 91 92 92 91 87 80 84 88 87 80 75 74 71 71 73
94 94 94 94 94 94 95 94 95 94 94 94 94 94 93 93 93 93 93 93 92 92 92 92 92 91 91 91 90 90 89 88 88 87 87 87 86 86 86 87 87 87 86 86 84 82 81 80 81 82 82 83 85 86 85 85 82 80 75 73 73 77 80 80 83 85 88 87 88 89 88 90 91 91 91 92 92 87 84 78 82 87 91 91 91 89 85 85 88 83 76 70 69 71 75 76
94 94 94 93 94 94 94 93 94 94 94 94 94 93 93 93 93 93 93 93 92 92 92 92 91 91 91 90 90 89 89 88 86 85 86 85 85 84 85 86 86 86 86 85 83 80 82 82 82 82 81 81 82 84 85 84 81 78 73 74 74 77 80 82 82 83 84 85 88 89 90 89 90 90 90 91 89 89 83 78 78 88 91 91 91 91 88 89 88 83 73 69 66 73 79 79
94 94 94 94 93 93 93 94 94 94 94 94 93 93 93 93 93 93 93 93 92 92 92 92 91 91 90 90 89 89 89 86 83 83 84 83 83 82 82 85 85 85 86 85 84 83 84 84 84 83 82 80 80 80 83 84 83 79 73 77 77 79 79 77 77 80 80 82 88 89 88 88 88 88 89 85 90 86 81 79 84 84 84 84 84 88 89 90 87 79 74 73 73 81 84 81
93 93 93 93 92 93 94 94 94 94 94 94 93 93 93 93 93 93 93 93 92 92 92 91 91 91 90 90 89 88 88 86 85 83 83 82 78 78 81 83 84 85 86 86 85 85 84 83 83 82 82 80 78 78 81 83 84 79 73 76 77 74 72 72 72 75 76 81 87 87 81 75 75 80 88 81 84 83 81 79 80 80 82 88 89 90 91 90 87 75 80 82 87 86 83 83
92 92 92 92 92 92 93 94 93 93 94 93 93 93 93 93 93 93 93 92 92 92 92 91 91 91 91 88 88 87 87 86 85 83 80 80 77 76 80 82 83 85 85 85 86 85 84 83 83 81 82 81 80 78 78 82 83 82 75 73 72 73 70 74 74 74 80 86 87 85 78 66 63 77 80 81 82 82 81 78 78 78 81 83 83 83 90 91 87 84 88 90 91 90 90 90
92 91 91 92 92 91 92 93 93 94 94 93 93 93 93 93 93 93 92 92 92 92 93 91 91 91 89 88 88 87 86 85 83 83 80 78 76 76 79 80 82 84 84 84 85 84 84 83 82 81 80 79 79 78 74 79 80 83 80 72 69 71 72 70 76 79 81 86 81 80 68 61 74 76 80 82 81 82 81 76 70 71 79 82 84 91 91 91 89 90 91 91 91 91 91 91
91 91 91 91 91 92 91 92 92 93 93 92 92 92 93 93 93 92 92 92 92 92 92 91 91 91 89 87 87 86 85 83 81 78 79 77 76 74 77 78 81 81 84 84 84 83 83 81 81 81 80 78 77 78 75 70 77 79 81 75 68 67 72 76 81 84 85 77 70 66 57 70 84 83 82 81 81 82 82 78 70 80 77 79 83 83 83 92 91 91 91 90 90 89 88 84
90 90 90 90 91 91 91 91 91 92 93 93 93 93 93 93 93 92 92 92 92 93 92 91 92 91 89 89 87 85 84 81 79 78 78 77 76 74 75 74 77 78 82 82 82 82 81 80 79 79 78 78 77 75 73 66 72 72 79 76 69 69 75 78 81 83 73 64 56 60 63 74 80 84 81 81 81 82 82 81 79 79 76 73 79 82 82 88 84 85 89 89 88 82 75 69
89 89 89 89 89 90 92 92 92 93 93 93 93 93 93 93 92 92 92 92 92 92 91 91 92 90 89 88 87 84 84 81 79 77 76 75 74 73 72 71 71 76 80 81 81 81 80 80 77 76 77 75 75 69 69 67 66 68 75 78 75 69 75 77 77 73 66 61 60 56 70 74 80 80 79 79 79 80 82 82 81 80 76 69 77 81 86 85 78 86 87 87 84 73 70 63
90 89 89 89 88 89 89 91 92 93 93 93 93 93 93 92 92 92 92 92 92 91 91 91 91 91 89 89 86 83 82 80 79 78 76 75 75 73 72 72 71 71 77 79 79 79 78 76 74 74 74 72 70 68 68 67 65 66 72 77 76 74 68 65 62 65 65 71 72 71 79 86 80 79 79 77 73 78 82 82 82 80 78 73 78 81 80 83 76 84 82 82 81 74 67 61
91 89 88 87 84 87 86 89 91 92 93 93 92 93 92 92 92 92 92 92 91 91 91 91 92 90 90 87 84 83 82 80 81 80 77 76 75 73 73 73 71 70 74 75 74 76 75 70 70 73 70 68 68 68 70 67 66 66 70 73 73 72 61 57 49 60 70 75 80 80 84 81 79 78 77 75 68 75 80 81 81 80 79 77 78 80 81 83 83 82 72 76 75 71 65 65
90 88 86 85 82 83 83 88 91 92 92 93 93 96 92 96 92 92 92 92 91 91 91 92 91 90 89 87 85 85 84 82 83 80 76 77 76 75 75 73 72 70 69 71 69 72 72 69 70 71 71 70 70 70 72 69 67 66 69 70 69 67 60 59 55 63 72 79 84 82 79 78 77 77 75 73 65 67 76 80 81 81 79 77 79 81 81 80 84 79 71 72 68 62 59 67
90 87 83 82 80 82 82 86 91 92 92 93 93 104 92 109 92 92 92 91 91 91 91 91 91 90 90 88 87 86 85 83 85 81 78 78 77 76 73 73 72 70 69 70 70 75 71 71 72 73 74 71 72 73 74 72 69 69 70 69 69 66 52 65 64 71 74 77 85 79 78 77 76 74 72 69 60 58 72 78 81 81 81 79 79 79 79 80 82 80 75 69 66 61 60 69
91 85 81 80 80 81 83 84 87 91 95 95 93 93 97 92 92 92 92 91 91 91 91 91 90 90 90 89 88 87 85 86 86 81 80 78 76 75 73 75 73 71 70 72 73 77 71 73 73 74 75 74 74 75 75 74 72 73 72 69 66 70 59 66 72 75 75 75 84 78 78 77 77 73 67 67 58 57 66 74 80 80 81 80 78 75 76 77 84 85 76 64 60 60 64 74
92 85 81 80 80 81 81 83 87 90 99 101 102 95 110 93 95 96 92 91 91 91 91 90 90 90 90 89 88 87 86 87 87 82 80 78 74 76 75 77 74 71 75 76 78 80 74 75 75 76 76 75 75 75 74 74 73 72 69 66 63 66 69 68 73 76 73 75 78 77 77 75 75 74 68 62 59 54 59 71 77 81 82 79 77 73 74 77 83 81 81 72 64 56 64 76
91 88 84 82 80 79 81 83 88 90 96 97 103 103 103 92 104 96 91 91 91 92 91 90 90 90 90 89 89 88 87 88 87 86 85 84 80 79 78 78 75 76 81 80 82 82 78 76 76 76 76 74 74 73 73 72 72 70 66 66 66 69 76 73 76 79 73 75 82 77 76 73 70 70 64 64 58 53 63 63 76 82 82 80 76 72 76 76 81 83 83 79 71 59 57 73
91 89 85 82 80 79 82 87 90 91 92 92 92 108 92 105 102 97 92 91 91 91 91 90 90 90 90 89 89 88 87 88 88 87 86 87 84 82 82 79 77 82 82 82 80 81 80 80 77 76 75 72 72 73 72 71 69 64 65 70 71 73 78 78 77 75 75 75 78 76 75 72 69 67 58 61 66 71 70 69 74 82 82 81 76 73 75 76 74 78 82 82 76 60 55 68
90 87 86 82 79 78 80 84 91 92 92 92 106 113 98 99 99 101 92 92 91 91 91 90 90 90 90 89 89 89 88 88 88 88 84 85 84 85 81 79 83 82 80 77 73 80 77 78 77 75 73 72 70 69 69 67 64 59 66 71 74 74 79 78 73 74 73 75 75 75 75 72 66 60 62 63 73 76 76 78 79 80 81 79 75 70 72 76 76 73 74 80 79 70 62 71
90 88 87 82 80 78 77 82 90 92 92 102 114 110 105 110 93 94 92 91 91 91 90 90 90 90 89 89 89 88 88 88 88 84 82 80 79 84 85 84 79 74 72 68 70 72 74 76 68 68 69 69 66 66 67 62 51 58 65 68 69 76 79 79 80 74 72 75 75 73 72 71 67 59 55 60 66 75 78 79 80 80 81 80 76 71 71 74 72 67 60 70 79 73 65 63
90 88 85 82 80 77 75 79 89 91 110 112 114 95 106 115 106 92 92 91 91 91 91 90 90 90 89 89 89 89 88 88 87 85 83 80 78 81 81 78 73 69 67 68 71 73 74 74 67 69 67 68 64 63 63 59 55 57 64 67 75 75 78 76 71 79 74 75 73 71 68 65 64 61 56 55 59 68 76 79 80 80 80 80 78 73 69 72 77 75 59 59 71 74 67 59
92 90 86 82 79 77 74 77 84 90 98 115 96 97 114 115 98 113 93 91 91 91 91 90 90 90 90 89 89 89 88 88 87 85 84 83 81 79 76 73 71 68 69 68 71 73 71 71 72 67 65 63 62 59 59 57 56 64 70 72 74 75 77 78 75 70 72 74 74 71 65 56 63 62 57 55 56 61 74 78 80 80 80 81 77 70 67 71 76 74 65 53 59 68 67 66
92 91 89 85 81 78 76 78 82 89 91 93 92 115 114 94 108 91 91 91 91 91 91 90 90 90 89 89 89 89 88 88 87 87 86 84 81 79 74 71 68 68 69 69 71 70 69 67 68 67 65 63 58 57 56 56 60 65 66 69 72 71 74 76 78 72 73 73 72 70 70 65 53 54 59 60 60 61 72 77 79 80 80 80 78 72 65 69 72 73 65 56 54 59 65 72
92 91 89 87 86 80 77 80 82 87 91 105 114 114 112 114 109 91 92 91 91 91 91 90 90 90 89 89 89 89 88 88 88 87 86 85 83 81 76 71 71 71 70 70 69 69 66 65 65 65 65 63 61 59 58 59 60 61 62 66 69 69 70 73 76 72 73 71 70 68 69 64 58 57 56 61 63 66 69 74 77 81 80 80 78 71 67 71 76 74 69 62 50 56 67 75
93 91 90 89 88 83 78 79 82 88 95 113 114 110 96 112 106 92 91 91 91 91 91 90 90 90 90 89 89 88 88 88 87 87 87 86 84 82 77 75 75 74 72 70 68 68 66 65 63 64 63 61 60 59 58 59 59 59 59 65 65 67 67 66 72 71 71 70 68 66 66 63 59 55 54 56 64 68 73 74 76 80 80 80 78 73 70 74 73 69 72 64 55 61 72 76
93 91 90 89 89 84 78 77 80 87 95 114 114 110 114 114 93 94 91 91 91 91 91 90 90 90 90 89 89 89 88 88 88 87 87 86 85 83 79 78 77 73 72 71 70 68 68 66 65 65 63 60 59 57 55 57 58 59 58 62 62 64 65 56 72 71 70 69 69 66 60 58 65 54 47 50 60 63 70 75 78 79 80 80 77 72 67 69 70 72 73 64 56 62 70 75
91 92 91 90 89 85 78 78 78 87 95 110 107 102 114 108 102 101 91 91 91 91 91 90 90 90 90 89 89 89 88 88 88 87 86 86 85 83 81 80 76 73 74 72 70 69 68 67 67 65 63 61 56 54 53 56 57 58 56 58 62 59 60 56 73 70 74 69 68 59 52 44 55 52 43 45 54 59 66 73 77 80 80 80 77 71 68 69 70 75 71 62 52 52 64 73
90 92 91 91 89 88 80 80 82 87 92 102 101 114 109 102 112 97 91 91 91 91 91 90 90 90 90 89 89 89 89 88 88 86 85 84 84 82 80 79 77 76 76 73 71 70 68 67 66 65 63 61 55 51 50 54 56 57 55 54 58 56 55 64 73 70 71 69 66 65 53 41 38 40 40 40 49 62 65 69 76 79 79 79 77 70 67 70 69 73 69 60 48 56 60 65
90 92 92 92 89 88 82 80 85 88 89 97 112 112 103 112 100 91 91 91 91 91 91 90 90 90 90 90 89 89 89 89 88 87 86 84 84 83 81 78 77 77 75 73 71 67 67 69 65 65 63 59 54 51 49 54 55 56 53 50 55 55 54 65 71 73 68 66 65 70 62 50 38 41 42 46 56 66 70 67 73 79 79 78 76 71 65 64 64 70 67 60 53 66 67 66
92 92 92 92 90 88 85 79 84 87 90 90 99 102 109 103 91 91 91 91 91 90 90 90 90 90 90 90 89 89 89 88 89 88 88 86 85 84 83 81 79 78 74 79 79 77 76 77 74 72 66 67 57 53 51 52 54 54 51 49 52 53 60 68 71 69 71 66 66 66 66 60 49 49 45 45 50 53 62 68 73 79 79 78 75 72 64 59 61 67 66 60 56 73 75 78
92 92 92 91 89 88 84 76 81 88 90 91 91 105 99 92 91 91 91 91 90 90 91 90 90 90 90 90 89 89 89 89 89 88 88 87 87 86 84 82 77 77 80 83 84 83 82 81 79 77 74 71 59 53 51 51 54 52 52 52 49 53 61 68 71 70 74 66 63 62 66 60 58 55 52 54 58 57 62 70 75 79 79 78 75 71 69 57 55 57 63 54 57 73 82 85
92 92 92 91 90 87 79 74 78 87 90 91 91 96 91 91 91 91 91 90 90 90 90 90 90 90 89 89 89 89 89 89 88 88 89 88 87 87 85 81 74 76 83 85 84 83 83 81 80 78 76 70 59 51 49 53 53 52 55 54 44 52 63 69 68 69 73 72 69 66 62 71 65 65 65 62 71 70 68 70 76 78 79 78 77 71 75 67 56 49 58 54 60 72 80 78
92 92 92 91 90 88 81 76 78 86 90 91 91 91 91 91 91 91 91 90 90 90 90 90 90 90 89 89 89 89 89 89 88 88 88 88 89 87 83 82 78 82 85 85 85 83 83 81 80 78 76 68 60 53 52 53 54 53 56 55 44 58 66 71 71 71 72 64 62 64 70 65 66 68 70 72 73 71 72 74 72 74 78 78 75 72 74 69 56 44 49 56 68 76 80 75
