data/MNTEMPWQ.asc
NCOLS 822 
NROWS 563 
XLLCORNER -58000 
YLLCORNER 5661000 
CELLSIZE 1000 
NODATA_value -9999 
[rows 215 to 257 of 563, columns 96 to 191 of 822]
119 121 121 121 122 122 121 122 122 122 121 120 120 121 121 121 121 121 121 121 121 121 121 121 121 121 121 121 121 121 121 121 121 121 121 121 121 121 121 121 121 121 121 121 121 122 121 121 122 122 122 122 122 122 122 121 122 122 122 122 122 122 122 122 122 122 122 121 121 121 122 122 122 122 122 122 122 122 122 122 122 122 122 121 122 122 122 121 122 121 121 121 121 121 121 121
122 121 121 122 122 121 122 122 122 122 122 121 120 121 121 121 121 121 121 121 121 121 122 122 121 121 121 121 121 121 121 121 121 121 121 121 121 121 121 121 121 121 121 121 121 121 121 121 121 122 122 122 121 121 122 122 122 122 122 121 121 122 121 121 121 121 121 122 122 122 122 122 122 122 122 122 122 122 122 122 122 122 122 122 122 121 122 121 121 121 121 121 121 121 121 121
122 122 122 121 122 121 121 121 122 122 122 121 120 120 121 121 121 121 121 121 121 121 121 121 121 121 121 121 121 121 121 121 121 121 121 121 121 121 121 121 121 121 121 121 121 121 121 121 122 122 122 121 121 121 121 121 121 121 121 121 122 121 121 121 121 121 121 121 121 122 122 121 122 122 122 122 122 122 121 122 122 122 122 122 121 121 121 121 122 121 121 121 121 121 121 122
122 122 122 122 121 121 121 120 122 122 122 121 120 120 120 121 121 121 121 121 121 121 121 121 121 121 121 121 121 121 121 121 121 121 121 121 121 121 121 121 121 121 121 121 121 121 121 122 122 121 121 121 121 121 121 121 121 121 121 121 121 121 121 121 121 121 121 121 121 121 121 121 122 122 122 122 122 122 121 121 121 121 122 121 121 121 121 121 121 121 121 121 121 121 121 122
122 122 122 121 122 122 121 120 121 122 122 121 120 120 120 121 120 121 121 121 121 121 121 121 121 121 121 121 121 121 121 121 121 121 121 121 121 121 121 121 121 121 121 121 121 121 121 121 121 121 121 121 121 121 121 121 121 121 121 121 121 121 121 121 121 121 121 121 121 121 121 121 122 122 122 122 121 121 120 120 121 121 121 121 121 121 121 121 121 120 121 121 121 121 121 122
122 122 122 122 122 121 121 121 121 122 122 121 119 120 120 120 120 121 121 121 121 121 121 121 121 121 121 121 121 121 121 121 121 121 121 121 121 121 121 121 121 122 121 121 121 121 121 121 121 121 121 121 121 121 121 121 121 121 121 121 121 121 121 121 121 121 121 121 121 121 121 121 121 121 121 121 121 121 120 120 120 121 121 121 121 121 121 121 121 121 121 120 121 121 121 121
122 121 122 122 122 121 121 120 121 121 121 121 119 120 120 120 120 120 121 120 121 121 121 121 121 121 121 121 121 121 121 121 121 121 121 121 121 121 120 121 121 121 121 121 121 121 121 121 121 121 121 121 121 121 121 121 121 121 121 121 121 121 121 121 121 121 121 121 121 121 121 121 121 121 121 121 121 121 120 120 120 121 120 120 121 120 120 120 120 121 121 120 120 121 120 121
106 121 121 121 122 122 121 121 121 121 121 121 120 120 120 120 120 120 120 120 120 121 121 121 121 121 121 120 120 120 120 120 120 121 121 121 121 121 120 120 121 121 121 121 121 121 121 121 121 121 121 121 121 121 121 121 121 121 121 121 121 121 121 121 121 121 120 121 121 121 121 121 120 121 121 121 120 120 120 120 120 120 120 121 120 120 120 121 121 121 120 120 120 120 120 120
121 121 121 121 121 121 121 121 121 120 121 121 120 119 119 120 120 120 120 120 120 120 120 121 121 120 120 120 120 120 120 120 120 120 120 120 120 120 120 119 120 121 121 121 121 121 121 121 121 121 121 121 121 121 121 121 121 121 122 122 122 122 121 121 121 121 120 121 121 121 121 121 120 121 121 120 120 120 120 120 121 120 121 121 120 121 120 121 121 121 121 120 120 120 120 120
121 121 121 121 121 121 121 121 121 120 120 120 120 120 119 119 119 120 119 120 120 120 120 120 120 120 120 120 120 120 120 120 120 120 120 119 120 120 120 120 120 120 120 120 121 121 121 121 120 120 120 121 121 121 121 121 121 121 121 121 121 121 121 121 121 121 120 120 120 121 120 121 120 121 121 120 120 120 120 120 121 121 121 121 121 121 121 121 120 121 120 121 121 120 120 120
121 121 121 121 121 121 121 121 121 121 120 120 120 121 119 119 119 119 120 119 120 120 120 120 120 120 120 120 120 120 120 120 120 120 120 120 120 120 120 120 119 120 120 120 120 120 120 120 120 120 121 121 121 121 121 121 121 121 121 121 121 120 121 121 121 121 120 120 120 120 120 120 120 120 120 120 120 120 120 121 121 120 121 120 121 121 121 121 120 121 121 121 121 121 121 121
121 121 121 121 121 121 121 121 121 121 120 119 120 121 119 118 119 119 119 120 120 119 119 119 120 120 120 120 119 119 119 119 120 120 120 120 120 119 120 119 119 120 120 120 120 120 120 120 120 120 121 121 121 121 121 121 121 121 121 121 120 120 120 120 120 120 120 120 120 120 120 121 120 120 120 120 120 121 121 121 120 120 120 120 120 120 120 120 120 121 121 121 121 121 121 121
121 121 121 121 121 121 121 121 121 121 119 119 120 120 119 118 119 119 119 119 119 119 119 119 119 119 119 119 119 119 119 119 119 119 119 120 120 120 119 119 119 120 120 120 120 120 120 120 120 120 121 121 121 121 121 121 121 120 120 120 120 120 120 120 120 120 120 120 120 120 120 120 120 120 120 120 120 121 120 120 120 120 120 120 120 120 120 120 121 121 121 121 121 121 121 121
118 121 121 121 121 121 121 121 121 120 121 120 120 120 119 119 119 119 119 119 119 119 119 119 119 119 119 119 119 119 119 119 119 119 119 120 120 120 120 119 119 119 120 120 120 120 120 120 120 120 120 120 121 121 121 120 120 120 120 120 120 120 120 120 120 120 120 120 120 121 120 120 120 120 120 120 120 120 120 120 120 120 120 120 120 120 120 120 120 121 121 121 121 121 121 121
114 121 121 121 121 121 121 121 121 120 120 119 120 119 119 119 118 118 118 119 119 119 119 119 119 119 119 119 120 119 119 119 119 119 119 119 119 119 119 119 119 119 120 120 120 120 120 120 120 120 121 120 121 120 120 120 120 120 120 120 120 120 120 120 120 120 120 121 120 120 120 120 120 120 120 120 120 120 120 120 120 120 120 120 120 120 120 120 120 120 120 120 120 120 120 120
105 119 121 121 121 121 121 121 121 120 120 120 120 119 119 119 118 118 118 118 118 119 119 119 119 119 119 119 119 119 119 119 119 119 119 119 119 119 119 119 119 120 120 120 120 120 120 120 120 120 120 121 121 120 120 120 120 120 120 120 120 120 120 120 120 120 120 120 120 120 120 120 120 120 120 120 120 120 120 120 120 120 120 120 120 120 120 120 120 120 119 120 120 120 120 120
101 104 104 111 121 121 121 121 121 120 120 121 120 119 119 119 118 118 118 118 118 119 119 119 119 119 119 119 119 119 119 119 119 119 119 119 119 119 119 120 119 119 119 120 120 120 120 120 120 120 120 120 120 120 120 120 120 120 120 120 120 120 120 120 120 120 120 120 120 120 120 120 119 119 119 119 120 120 120 120 120 120 120 120 120 120 120 120 120 120 120 120 120 120 120 120
101 102 102 110 120 121 121 120 120 120 120 120 120 119 119 119 118 118 118 118 118 118 119 119 119 119 119 119 119 119 119 119 119 119 119 119 119 119 119 119 120 119 120 119 120 120 120 120 120 120 120 120 120 120 120 120 119 119 120 120 120 120 120 120 120 120 120 120 120 120 120 120 120 119 120 120 120 120 120 120 120 120 120 120 120 120 120 120 120 120 120 120 120 120 120 120
101 114 120 114 115 121 121 120 119 120 120 120 120 119 119 119 118 118 118 118 118 118 118 118 119 119 119 119 119 119 119 119 119 119 120 120 119 119 119 119 120 119 119 120 119 120 119 120 120 120 119 119 120 120 120 120 120 120 120 120 120 120 120 120 120 120 120 120 120 120 120 120 119 119 120 120 120 120 120 120 120 120 120 120 120 119 119 120 120 119 120 120 120 120 120 120
101 101 116 117 120 120 120 120 120 120 120 120 120 119 119 119 118 118 118 118 118 118 119 119 119 119 119 119 119 119 119 119 118 119 119 120 119 120 120 120 120 119 119 120 119 120 120 120 120 120 119 119 120 120 120 120 120 120 120 120 120 120 120 120 119 119 119 119 119 119 120 119 120 120 120 120 120 120 120 120 120 120 120 119 119 119 119 119 119 119 120 120 120 120 120 120
101 101 101 109 120 120 120 120 120 120 120 120 120 119 119 118 118 118 118 118 118 118 118 119 118 119 119 119 119 119 119 119 118 118 118 120 120 120 120 120 120 119 118 119 120 120 119 119 119 119 120 120 119 119 119 119 120 119 119 119 120 120 120 119 119 119 119 119 119 120 119 120 120 120 120 120 120 120 120 120 120 120 119 118 119 119 119 119 119 119 120 120 120 120 120 120
101 100 100 114 120 120 120 120 120 120 120 120 120 119 119 119 119 118 118 119 118 118 118 118 118 118 119 119 119 119 118 119 118 118 118 119 120 120 120 120 119 119 119 119 120 120 119 119 119 120 120 120 119 119 119 119 119 119 119 119 120 120 120 119 119 119 119 119 120 119 120 120 120 120 120 120 120 120 120 120 120 120 119 119 119 118 118 119 119 119 120 120 120 120 120 120
100 100 99 101 114 119 120 120 120 120 120 120 119 120 119 119 118 118 118 118 119 118 118 118 118 118 119 119 119 119 119 119 118 118 118 118 119 119 119 119 120 120 119 119 120 120 120 120 120 119 119 120 119 119 119 119 119 119 119 119 120 120 120 119 119 119 120 120 119 119 120 120 120 120 120 120 120 120 120 120 119 119 119 119 119 119 119 119 119 119 119 120 120 120 120 120
100 99 99 100 107 120 119 120 120 120 119 120 119 119 119 118 118 118 118 118 118 118 118 118 118 118 118 118 119 118 118 118 118 118 118 118 118 119 119 120 120 119 119 119 119 120 120 120 119 119 120 119 119 119 119 119 119 119 120 120 120 120 120 119 119 119 120 119 119 120 120 120 120 120 119 119 119 119 119 119 118 118 119 119 119 119 119 119 119 119 119 119 120 120 120 120
100 100 97 99 114 119 119 119 119 119 120 120 119 120 119 119 118 118 118 118 118 118 118 118 118 118 118 118 118 118 119 118 118 118 118 118 118 119 118 119 119 119 119 118 119 120 120 120 120 120 119 118 119 120 119 119 119 120 120 120 120 119 119 120 119 119 119 119 119 119 120 119 119 119 119 119 119 119 119 118 118 118 119 119 119 119 119 119 119 119 119 119 120 120 119 120
99 100 96 94 107 111 116 119 119 119 119 120 120 119 119 118 118 118 118 118 118 118 118 118 118 118 118 118 118 118 118 118 118 118 118 118 118 119 118 118 119 119 119 118 119 119 120 120 120 119 119 118 118 119 120 119 119 120 120 120 120 120 120 119 119 119 119 119 119 119 119 119 119 119 119 119 119 119 119 119 119 119 119 119 119 119 119 119 119 119 119 119 119 119 119 119
95 100 99 93 99 108 119 119 119 119 119 119 119 119 119 119 118 118 118 118 118 118 118 118 118 118 118 118 118 118 118 118 118 118 119 119 119 118 118 118 118 119 118 118 118 119 119 120 119 119 119 118 118 118 119 119 119 120 120 120 120 120 119 119 119 119 119 119 119 119 119 119 119 119 119 119 119 119 119 119 119 119 119 119 119 119 119 119 119 119 119 119 119 119 119 119
93 99 98 93 94 118 119 119 119 119 119 119 119 119 119 119 118 118 118 117 118 118 118 118 118 118 118 118 118 118 118 118 118 118 118 118 118 119 118 118 118 118 118 118 118 119 119 119 118 119 119 119 118 119 118 118 119 120 120 120 119 119 119 119 119 119 119 119 119 119 119 119 119 119 119 119 119 119 119 119 119 119 119 119 119 119 118 118 119 119 119 119 119 119 119 119
92 99 105 101 117 119 118 119 119 119 119 119 119 119 119 119 118 117 117 117 117 117 117 118 118 118 118 118 118 118 118 118 118 118 118 118 118 118 118 118 118 118 118 118 118 118 119 118 119 118 119 119 119 118 119 119 119 119 119 119 119 119 119 119 119 119 119 119 119 119 119 119 119 118 119 119 119 119 119 119 119 119 119 119 119 118 118 118 119 119 119 119 119 119 119 119
91 92 104 119 119 119 118 118 118 119 119 119 119 119 119 119 118 117 117 117 117 117 117 117 117 118 118 118 118 118 118 118 118 118 118 118 118 118 118 118 118 118 118 118 118 118 119 118 118 119 119 119 119 118 119 118 118 119 119 119 119 119 118 118 118 119 119 119 119 119 119 119 119 119 119 119 119 119 119 119 119 119 119 118 118 118 118 118 119 119 119 119 119 119 119 119
91 97 100 109 119 119 119 119 118 118 119 118 118 119 118 118 118 118 117 117 117 116 117 117 117 117 118 118 118 118 118 118 118 118 118 118 118 118 118 118 118 118 118 118 117 118 118 118 119 119 119 119 119 119 119 119 119 119 118 118 118 118 118 118 119 119 119 119 119 119 119 118 119 119 119 119 119 119 119 118 118 118 118 118 118 118 118 118 119 118 118 119 119 119 119 119
91 92 99 102 113 119 119 119 118 118 118 119 118 118 119 118 117 118 117 117 116 117 116 116 117 117 118 118 118 118 118 118 118 118 118 118 117 117 117 117 118 118 118 118 117 118 118 118 118 119 119 119 119 119 119 119 119 119 118 118 118 118 118 118 118 118 119 119 118 118 118 118 118 118 119 119 118 118 118 118 118 119 118 118 118 118 118 118 118 118 118 118 118 118 118 119
95 91 98 92 97 118 118 119 118 118 118 118 118 119 119 118 117 117 117 117 117 117 117 117 117 112 108 108 107 106 118 118 118 118 118 117 117 117 117 117 117 118 117 117 117 118 118 118 118 119 119 119 119 119 118 118 118 118 118 118 118 118 118 118 118 118 118 118 118 118 118 118 118 118 118 118 118 118 118 118 118 118 118 118 118 118 118 119 119 118 118 118 118 118 119 118
90 91 92 91 102 117 118 119 118 102 111 118 118 119 119 118 118 117 99 117 117 117 117 117 117 111 108 109 110 111 118 118 117 118 118 118 117 117 118 117 117 117 117 117 118 118 118 118 118 119 119 119 118 118 118 118 118 118 118 118 118 118 118 118 118 118 118 118 118 118 118 118 118 118 118 118 118 118 118 118 118 118 118 118 118 118 119 119 119 118 118 118 119 119 119 119
90 91 91 91 92 104 107 118 118 106 106 118 118 118 118 118 117 117 117 114 116 117 112 105 104 106 105 104 103 102 104 117 117 117 117 118 117 117 117 117 117 117 117 118 117 118 118 118 118 119 119 119 118 118 118 118 118 118 118 118 118 118 118 118 118 118 118 118 118 118 118 118 118 118 118 118 118 118 118 119 118 118 118 118 118 118 119 119 119 118 118 118 119 119 119 119
90 90 91 91 92 92 93 101 99 116 106 113 118 118 118 118 118 117 110 104 106 106 98 90 95 98 98 98 98 97 98 99 98 98 100 110 113 117 117 117 118 118 118 118 118 118 118 118 118 118 118 118 118 117 117 117 118 118 118 118 118 118 119 118 118 118 118 118 118 118 118 118 118 118 119 119 118 118 118 119 119 119 118 118 118 118 118 118 118 118 118 118 119 119 119 119
91 90 91 91 92 92 109 100 113 116 103 118 118 118 118 118 117 117 90 96 94 90 90 90 93 92 96 98 98 98 98 98 98 98 113 102 103 117 117 117 117 118 118 118 118 118 118 118 118 118 117 118 118 117 117 117 117 117 118 118 118 118 119 119 118 118 118 118 118 118 118 118 118 118 118 118 119 119 119 119 119 118 118 118 119 119 118 118 118 118 118 118 119 119 118 119
90 90 91 91 92 92 118 115 103 94 101 118 118 118 118 118 109 107 90 90 90 90 90 90 90 96 97 97 98 98 98 98 98 98 98 98 109 117 117 117 117 118 118 118 118 118 118 118 118 118 118 118 117 117 117 117 117 118 118 118 118 118 118 119 118 118 118 119 118 118 118 118 118 118 118 118 119 119 119 119 119 118 118 118 118 118 118 118 118 118 118 118 118 118 118 118
90 90 91 91 96 113 118 118 117 94 99 118 118 118 118 117 90 90 90 89 89 90 90 90 90 91 91 90 97 98 98 98 98 98 98 98 98 107 106 116 117 117 117 117 117 118 118 118 118 118 117 117 117 117 117 117 118 118 118 118 118 118 118 119 118 118 118 118 118 118 118 118 118 118 118 118 118 118 118 118 118 118 118 118 118 118 118 117 117 118 118 118 118 118 118 118
89 89 91 91 92 94 115 118 118 118 99 115 117 118 118 109 90 90 90 89 89 89 89 90 90 91 97 97 92 97 98 98 98 98 98 98 98 98 98 103 117 117 117 117 117 117 117 117 118 118 117 117 117 117 118 118 118 118 118 118 118 117 118 118 118 118 118 118 118 118 118 118 118 118 118 118 118 118 118 117 117 117 117 117 117 117 117 117 118 118 119 119 118 119 118 118
89 90 90 91 91 91 91 117 105 113 112 102 105 109 118 97 90 90 89 89 89 89 89 90 90 90 90 95 96 96 95 97 97 98 98 97 98 98 98 98 103 117 117 117 117 117 117 117 117 117 117 117 117 117 117 118 118 118 118 118 117 118 117 117 117 117 117 118 118 117 117 117 117 117 117 118 118 117 117 117 117 118 117 117 117 117 117 117 118 118 119 118 118 118 118 118
95 90 94 91 91 91 91 91 99 112 91 91 91 92 113 94 91 90 90 89 89 89 90 89 89 89 90 89 89 90 92 97 97 97 97 98 98 98 98 98 98 117 116 116 116 116 117 117 117 117 117 117 117 117 117 118 117 117 117 118 117 117 117 117 117 117 117 117 117 117 117 117 117 117 117 118 117 117 117 117 117 118 117 117 117 117 118 118 118 118 118 117 117 118 117 118
92 90 90 90 91 91 91 91 91 91 91 95 104 105 99 91 90 89 89 89 89 89 89 89 89 89 90 89 89 89 94 94 93 96 98 98 97 97 98 98 97 102 115 116 116 116 117 117 117 117 116 117 117 117 117 118 117 117 117 117 117 117 117 117 117 117 117 117 117 117 117 117 117 117 118 117 117 117 117 117 118 118 118 117 117 118 117 117 118 118 117 117 117 117 117 118
