data/SOILBULK.asc
NCOLS 822 
NROWS 563 
XLLCORNER -58000 
YLLCORNER 5661000 
CELLSIZE 1000 
NODATA_value -9999 
[rows 444 to 480 of 563, columns 252 to 335 of 822]
1109 1085 1080 1098 1154 1157 1180 1182 1163 1141 1130 1142 1145 1105 0 0 1136 1054 1067 1074 1084 1087 1115 1143 1132 1097 1083 1078 1090 1081 1095 1102 1098 1092 1084 1101 1111 1112 1103 1100 1098 1091 1082 1124 1158 1172 1162 1159 1161 1140 1149 1151 1162 1113 1122 1150 1148 1147 1160 1150 1107 1122 1121 1117 1111 1172 1163 1133 1138 1145 1147 1125 1136 1159 1109 -9999 -9999 -9999 -9999 -9999 -9999 -9999 -9999 -9999
0 0 1135 1100 1138 1179 1201 0 1159 1151 1142 1140 1152 1109 1137 1134 1126 1102 1090 1086 1087 1086 1108 1147 1136 1099 1100 1077 1067 1073 1081 1086 1108 1104 1093 1081 1107 1102 1095 1101 1106 1092 1074 1103 1144 1159 1161 1171 1172 1141 1110 1124 1125 1109 1131 1172 1157 1152 1109 1128 1101 1123 1110 1119 1110 1157 1160 1160 1120 1153 1164 1126 1123 1154 1132 -9999 -9999 -9999 -9999 -9999 -9999 -9999 -9999 -9999
0 0 1158 1141 1146 1176 0 0 1159 1153 1135 1136 1143 1114 1111 1122 1093 1098 1087 1089 1093 1085 1099 1107 1102 1104 1100 1060 1060 1070 1084 1092 1107 1096 1109 1107 1096 1095 1119 1106 1109 1085 1068 1104 1157 1166 1170 1164 1160 1139 1110 1141 1109 1142 1140 1149 1169 1144 1119 1106 1102 1112 1118 1114 1110 1137 1148 1158 1143 1163 1183 1132 1119 1151 1160 -9999 -9999 -9999 -9999 -9999 -9999 -9999 -9999 -9999
0 0 1167 1160 1166 1160 1158 1159 1153 1146 1130 1124 1137 1105 1114 1111 1113 1150 1140 1145 1109 1092 1095 1104 1087 1086 1099 1096 1074 1069 1080 1074 1089 1084 1091 1102 1111 1129 1126 1105 1095 1086 1107 1131 1152 1150 1152 1157 1152 1110 1139 1140 1124 1124 1123 1115 1154 1116 1116 1103 1103 1101 1116 1107 1099 1106 1123 1130 1153 1150 1184 1137 1137 1164 -9999 -9999 -9999 -9999 -9999 -9999 0 -9999 -9999 -9999
0 1111 1141 1134 1163 1144 1145 1149 1153 1133 1139 1122 1120 1108 1145 1140 1147 1157 1161 1149 1130 1077 1079 1084 1078 1083 1096 1088 1059 1058 1066 1087 1094 1081 1119 1078 1098 1117 1111 1100 1093 1089 1132 1158 1161 1152 1137 1114 1098 1089 1081 1086 1097 1109 1118 1105 1112 1112 1115 1105 1105 1106 1113 1138 1108 1132 1132 1143 1121 1122 1165 1132 1131 1138 -9999 -9999 -9999 -9999 -9999 -9999 1041 -9999 -9999 -9999
0 1104 1132 1128 1137 1112 1115 1128 1158 1146 1152 1134 1114 1147 1145 1161 1153 1168 1157 1141 1114 1093 1099 1082 1076 1085 1095 1092 1067 1071 1070 1085 1095 1096 1112 1096 1091 1092 1112 1112 1096 1084 1117 1153 1141 1102 1072 1084 1080 1088 1094 1074 1090 1094 1105 1109 1109 1110 1130 1104 1112 1141 1148 1173 1172 1162 1172 1146 1147 1139 1192 1169 1153 1165 1159 1202 1240 -9999 -9999 -9999 1167 1187 -9999 -9999
1114 1090 1120 1109 1110 1106 1111 1121 1167 1159 1138 1143 1144 1151 1157 1169 1161 1148 1139 1145 1145 1113 1117 1096 1063 1077 1083 1114 1087 1079 1081 1096 1097 1099 1103 1103 1092 1088 1096 1124 1082 1072 1116 1130 1157 1099 1086 1093 1085 1093 1083 1077 1072 1095 1095 1122 1115 1112 1125 1136 1131 1162 1167 1164 1154 1166 1174 1176 1168 1164 1188 1200 1199 1173 1164 1175 1160 1156 1189 1189 1177 1191 1209 -9999
1091 1077 1107 1110 1110 1103 1132 1159 1122 1151 1153 1153 1141 1136 1168 1162 1153 1136 1136 1160 1153 1140 1107 1089 1067 1085 1105 1134 1099 1089 1088 1103 1092 1111 1145 1144 1087 1070 1074 1083 1080 1080 1087 1098 1097 1091 1093 1083 1078 1073 1061 1075 1073 1088 1104 1154 1155 1140 1142 1166 1144 1161 1159 1152 1146 1153 1142 1157 1171 1163 1177 1192 1194 1174 1133 1172 1159 1206 1207 1180 1180 1180 1178 1210
1075 1075 1116 1123 1116 1114 1119 1109 1108 1149 1152 1162 1137 1139 1148 1145 1148 1150 1166 1179 1158 1158 1100 1087 1086 1102 1121 1115 1092 1093 1095 1097 1055 1163 0 0 1134 1088 1076 1072 1076 1067 1085 1088 1070 1077 1074 1072 1074 1068 1062 1084 1087 1088 1159 1183 1174 1150 1160 1151 1152 1152 1169 1143 1159 1141 1154 1161 1181 1178 1142 1161 1164 1172 1198 1200 1191 1203 1209 1208 1190 1194 1187 1184
1066 1073 1106 1111 1106 1116 1112 1111 1128 1139 1146 1157 1156 1151 1148 1153 1149 1138 1150 1151 1141 1136 1090 1088 1091 1106 1122 1090 1070 1071 1106 1102 1050 1145 0 0 0 1081 1064 1083 1074 1083 1083 1096 1078 1073 1070 1064 1072 1102 1093 1084 1104 1117 1189 1183 1154 1132 1128 1152 1146 1147 1155 1153 1162 1139 1149 1157 1166 1153 1148 1165 1160 1170 1197 1193 1195 1194 1198 1203 1196 1198 1190 1176
1067 1062 1097 1106 1108 1099 1101 1103 1115 1122 1163 1157 1142 1161 1152 1150 1153 1137 1143 1141 1119 1102 1091 1086 1090 1105 1109 1096 1080 1090 1105 1112 1136 1179 0 0 1130 1109 1083 1073 1074 1109 1124 1107 1087 1076 1070 1077 1106 1109 1104 1112 1145 1157 1169 1171 1164 1115 1131 1165 1182 1178 1150 1153 1146 1136 1129 1123 1139 1144 1151 1154 1160 1188 1187 1202 1202 1193 1188 1148 1189 1189 1188 1177
1065 1055 1097 1096 1097 1098 1098 1101 1133 1172 1157 1158 1144 1150 1144 1134 1141 1137 1139 1129 1092 1090 1105 1095 1098 1106 1098 1094 1086 1101 1117 1127 1199 0 0 0 1124 1085 1128 1095 1090 1110 1152 1133 1094 1095 1102 1103 1103 1095 1096 1104 1137 1147 1136 1144 1122 1080 1097 1139 1150 1172 1151 1145 1146 1138 1142 1124 1139 1156 1143 1151 1154 1150 1181 1197 1190 1187 1169 1119 1178 1177 1195 1188
1070 1068 1096 1106 1104 1102 1103 1110 1114 1118 1118 1160 1152 1146 1142 1151 1141 1144 1142 1117 1105 1117 1103 1104 1101 1104 1097 1097 1107 1110 1100 1097 1146 1169 1145 1115 1107 1082 1146 1133 1116 1143 1141 1119 1102 1114 1123 1113 1088 1095 1094 1088 1159 1133 1131 1132 1102 1091 1117 1158 1146 1175 1169 1142 1134 1135 1136 1141 1154 1156 1152 1148 1149 1151 1173 1184 1190 1189 1193 1182 1193 1203 1207 1203
1030 1059 1082 1097 1104 1104 1103 1126 1111 1133 1130 1146 1144 1143 1148 1161 1149 1153 1143 1136 1149 1110 1091 1106 1113 1115 1111 1096 1090 1096 1087 1067 1063 1109 1081 1067 1072 1096 1116 1103 1130 1147 1146 1138 1112 1112 1109 1113 1091 1107 1104 1108 1125 1142 1149 1116 1088 1157 1165 1173 1184 1182 1166 1145 1098 1093 1120 1143 1137 1143 1149 1151 1166 1163 1178 1176 1190 1182 1197 1192 1179 1184 1142 1196
1051 1054 1066 1076 1082 1107 1101 1111 1144 0 0 1124 1132 1133 1154 1152 1143 1147 1134 1149 1138 1099 1086 1096 1116 1092 1100 1077 1087 1075 1084 1060 1058 1034 1047 1064 1052 1075 1071 1081 1107 1148 1152 1145 1129 1130 1129 1155 1159 1159 1171 1151 1133 1128 1129 1122 1095 1134 1170 1165 1161 1162 1172 1153 1098 1083 1087 1107 1089 1113 1124 1128 1150 1148 1158 1155 1156 1127 1140 1115 1119 1185 1188 1181
1068 1087 1081 1089 1116 1109 1107 1117 1126 0 0 1132 1122 1129 1143 1160 1158 1151 1105 1096 1089 1100 1099 1077 1087 1105 1090 1083 1079 1080 1075 1076 1071 1053 1061 1056 1050 1058 1054 1071 1127 1115 1151 1139 1082 1104 1147 1156 1146 1171 1188 1137 1137 1118 1123 1087 1083 1092 1131 1146 1149 1164 1166 1157 1122 1098 1102 1100 1085 1105 1117 1110 1143 1139 1138 1137 1141 1134 1156 1168 1147 1189 1055 1059
1081 1071 1078 1097 1100 1106 1109 1115 1107 1107 1116 1138 1137 1146 1157 1161 1166 1158 1131 1112 1112 1101 1105 1082 1073 1073 1081 1078 1081 1078 1071 1066 1078 1077 1084 1067 1060 1064 1048 1067 1093 1082 1138 1135 1133 1118 1115 1129 1189 1154 1175 1189 1214 1183 1138 1118 1105 1110 1122 1146 1175 1185 1185 1184 1174 1154 1110 1107 1095 1117 1123 1162 1173 1148 1136 1136 1136 1131 1142 1148 1150 1179 1127 1173
1088 1082 1085 1089 1085 1088 1113 1107 1086 1118 1118 1151 1165 1159 1140 1143 1141 1158 1133 1129 1115 1111 1107 1074 1075 1076 1069 1084 1083 1071 1067 1067 1077 1091 1096 1079 1063 1070 1058 1073 1089 1091 1092 1132 1170 1128 1125 1116 1123 1182 1177 1193 1206 1173 1126 1128 1132 1133 1142 1149 1180 1178 1170 1196 1199 1199 1175 1158 1140 1119 1125 1142 1155 1154 1149 1132 1129 1128 1137 1151 1149 1138 1176 1176
1099 1095 1097 1087 1091 1091 1093 1103 1089 1107 1123 1164 1160 1148 1148 1158 1155 1151 1107 1136 1159 1120 1088 1077 1071 1079 1078 1074 1074 1060 1056 1052 1069 1080 1082 1084 1072 1084 1085 1095 1101 1124 1145 1175 1146 1136 1127 1109 1114 1148 1148 1157 1182 1159 1136 1150 1137 1136 1152 1177 1165 1142 1156 1182 1158 1175 1210 1207 1189 1137 1130 1134 1128 1147 1136 1137 1134 1116 1142 1139 1143 1150 1195 1226
1097 1092 1101 1098 1087 1099 1090 1080 1085 1082 1117 1153 1159 1153 1151 1157 1157 1164 1146 1145 1100 1080 1089 1086 1073 1078 1071 1065 1066 1062 1053 1051 1067 1065 1084 1093 1091 1103 1094 1084 1104 1124 1180 1173 1164 1131 1133 1088 1117 1115 1120 1128 1178 1184 1191 1177 1161 1170 1193 1204 1164 1164 1145 1150 1150 1178 1197 1213 1218 1206 1127 1174 1213 1187 1152 1195 1164 1154 1142 1150 1151 1168 1257 1232
1095 1095 1093 1082 1068 1084 1094 1085 1090 1107 1116 1144 1125 1156 1157 1167 1151 1149 1158 1131 1082 1076 1088 1092 1077 1081 1078 1059 1060 1057 1069 1084 1086 1072 1085 1098 1097 1108 1087 1089 1099 1118 1137 1164 1147 1139 1122 1166 1128 1132 1156 1174 1187 1194 1213 1188 1180 1192 1205 1200 1195 1190 1181 1174 1156 1190 1189 1211 1221 1207 1180 1195 1212 1219 1190 1183 1191 1176 1131 1153 1172 -9999 -9999 1238
1093 1088 1080 1076 1073 1074 1085 1099 1104 1145 1149 1138 1148 1151 1155 1161 1155 1131 1139 1144 1115 1097 1097 1081 1096 1084 1085 1064 1063 1059 1090 1096 1082 1083 1082 1094 1097 1101 1106 1114 1115 1132 1174 1170 1163 1155 1153 1217 1155 1159 1198 1190 1191 1209 1226 1183 1170 1175 1176 1184 1207 1183 1188 1189 1133 1157 1185 1187 1190 1207 1213 1210 1225 1223 1225 1209 1156 1143 1102 -9999 -9999 -9999 -9999 -9999
1090 1077 1062 1077 1087 1097 1103 1095 1121 0 1173 1144 1133 1142 1152 1159 1144 1132 1142 1147 1137 1122 1084 1071 1078 1072 1078 1070 1072 1078 1090 1090 1102 1097 1103 1091 1091 1112 1115 1124 1127 1162 1156 1171 1199 1195 1163 1232 1202 1193 1214 1210 1204 1221 1227 1195 1184 1190 1175 1187 1198 1193 1192 1201 1188 1178 1194 1194 1216 1206 1236 1231 1241 1234 1246 1236 1157 -9999 -9999 -9999 -9999 -9999 -9999 -9999
1075 1084 1073 1085 1095 1080 1114 1046 1173 0 0 1141 1132 1141 1141 1139 1156 1137 1166 1156 1127 1117 1089 1103 1074 1078 1078 1076 1102 1112 1103 1092 1112 1096 1092 1091 1103 1121 1131 1159 1160 1152 1152 1185 1204 1199 1175 1200 1195 1178 1192 1197 1222 1196 1190 1183 1133 1161 1185 1172 1197 1185 1200 1203 1211 1200 1185 1196 1220 1208 1230 1206 1226 1236 1218 1211 -9999 -9999 -9999 -9999 -9999 -9999 -9999 -9999
1107 1091 1084 1105 1091 1051 1087 1163 0 0 1184 1137 1135 1133 1140 1125 1137 1128 1143 1143 1135 1125 1112 1136 1120 1118 1121 1115 1126 1132 1124 1081 1104 1122 1102 1115 1143 1171 1168 1159 1156 1151 1163 1193 1195 1181 1184 1182 1155 1175 1165 1203 1168 1190 1181 1170 1168 1137 1133 1142 1173 1168 1169 1205 1197 1187 1194 1198 1201 1209 1216 1199 1180 1233 -9999 -9999 -9999 -9999 -9999 -9999 -9999 -9999 -9999 -9999
1112 1120 1123 1122 1103 1122 1185 0 0 0 0 1127 1135 1142 1126 1128 1134 1127 1133 1137 1147 1138 1105 1136 1142 1143 1134 1133 1143 1147 1145 1141 1141 1152 1126 1189 1166 1184 1173 1160 1149 1158 1171 1178 1181 1187 1204 1167 1145 1198 1208 1188 1164 1197 1175 1154 1161 1164 1162 1194 1187 1194 1194 1195 1210 1178 1184 1202 1195 1201 1208 1178 -9999 -9999 -9999 -9999 -9999 -9999 -9999 -9999 -9999 -9999 -9999 -9999
1096 1079 1115 1168 1139 1142 0 0 0 0 1149 1117 1132 1145 1116 1128 1126 1128 1134 1125 1140 1130 1112 1123 1115 1132 1138 1144 1147 1145 1150 1151 1164 1155 1164 1196 1171 1168 1165 1145 1147 1176 1173 1162 1180 1166 1172 1177 1172 1138 1138 1137 1152 1149 1146 1126 1131 1146 1186 1163 1176 1200 1205 1186 1192 1199 1198 1212 1205 1194 1212 1162 -9999 -9999 -9999 -9999 -9999 -9999 -9999 -9999 -9999 -9999 -9999 -9999
1080 1070 1102 1151 1172 1169 0 0 0 1165 1097 1090 1122 1147 1125 1125 1139 1133 1124 1111 1122 1158 1113 1117 1135 1136 1134 1134 1139 1160 1167 1158 1164 1153 1154 1167 1173 1183 1167 1165 1168 1163 1169 1170 1187 1199 1202 1175 1160 1133 1144 1172 1171 1157 1140 1139 1118 1130 1154 1157 1150 1202 1212 1176 1197 1198 1214 1208 1219 1213 1156 1208 -9999 -9999 -9999 -9999 -9999 -9999 -9999 -9999 -9999 -9999 -9999 -9999
1116 1096 1102 1114 1141 1176 1176 1176 1161 1140 1115 1107 1138 1127 1125 1127 1140 1134 1127 1107 1115 1129 1115 1111 1149 1145 1141 1130 1141 1140 1160 1164 1134 1156 1168 1172 1188 1195 1153 1149 1184 1146 1159 1177 1184 1203 1183 1183 1136 1134 1148 1181 1149 1137 1134 1119 1121 1138 1170 1168 1143 1171 1193 1162 1186 1196 1186 1170 1195 1180 -9999 -9999 -9999 -9999 -9999 -9999 -9999 -9999 -9999 -9999 -9999 -9999 -9999 -9999
1129 1141 1143 1144 1125 1126 1147 1153 1151 1144 1129 1133 1129 1120 1112 1118 1126 1136 1119 1110 1102 1131 1124 1114 1161 1158 1150 1122 1144 1149 1164 1176 1120 1139 1181 1176 1192 1166 1168 1143 1154 1153 1157 1144 1142 1139 1141 1161 1157 1145 1140 1163 1151 1141 1135 1127 1135 1147 1167 1203 1147 1168 1184 1171 1187 1208 1202 1196 1148 -9999 -9999 -9999 -9999 -9999 -9999 -9999 -9999 -9999 -9999 -9999 -9999 -9999 -9999 -9999
1129 1126 1134 1142 1133 1122 1143 1151 1148 1147 1137 1141 1133 1130 1122 1120 1127 1125 1124 1124 1140 1144 1140 1130 1137 1143 1142 1112 1137 1143 1156 1172 1147 1149 1178 1177 1192 1185 1199 1171 1172 1201 1151 1188 1141 1134 1119 1129 1125 1152 1146 1129 1120 1127 1124 1127 1125 1129 1139 1182 1142 1163 1197 1203 1192 1209 1212 1153 1139 -9999 -9999 -9999 -9999 -9999 -9999 -9999 -9999 -9999 -9999 -9999 -9999 -9999 -9999 -9999
1097 1097 1110 1124 1129 1151 1143 1150 1142 1138 1133 1138 1107 1094 1146 1133 1136 1141 1127 1138 1135 1146 1132 1130 1133 1139 1145 1118 1126 1132 1145 1156 1165 1165 1179 1161 1180 1178 1206 1161 1180 1184 1169 1172 1140 1148 1107 1101 1148 1136 1157 1146 1124 1122 1120 1125 1122 1123 1133 1160 1143 1161 1167 1171 1193 1149 1108 -9999 -9999 -9999 -9999 -9999 -9999 -9999 -9999 -9999 -9999 -9999 -9999 -9999 -9999 -9999 -9999 -9999
1095 1094 1099 1104 1115 1127 1164 1162 1139 1141 1152 1139 1128 1095 1107 1146 1139 1137 1128 1130 1121 1137 1112 1135 1136 1139 1155 1131 1123 1126 1152 1146 1157 1154 1147 1181 1170 1173 1225 1200 1159 1123 1142 1165 1134 1129 1142 1124 1140 1151 1134 1148 1131 1121 1119 1124 1151 1145 1163 1179 1137 1167 1139 1137 1161 1102 -9999 -9999 -9999 -9999 -9999 -9999 -9999 -9999 -9999 -9999 -9999 -9999 -9999 -9999 -9999 -9999 -9999 -9999
1095 1109 1102 1097 1113 1114 1126 1148 1135 1155 1143 1145 1152 1153 1156 1124 1113 1133 1131 1142 1130 1122 1109 1136 1127 1138 1159 1147 1137 1142 1150 1160 1147 1146 1159 1173 1151 1201 1209 1208 1166 1138 1202 1167 1154 1146 1160 1151 1155 1135 1149 1150 1136 1137 1131 1127 1140 1189 1200 1212 1142 1145 1156 1121 1107 -9999 -9999 -9999 -9999 -9999 -9999 -9999 -9999 -9999 -9999 -9999 -9999 -9999 -9999 -9999 -9999 -9999 -9999 -9999
1095 1104 1093 1108 1138 1104 1104 1122 1154 1093 1108 1083 1140 1140 1161 1140 1144 1139 1152 1147 1143 1125 1114 1132 1136 1161 1169 1151 1141 1149 1151 1178 1166 1169 1174 1190 1225 1246 1195 1155 1158 1186 1125 1149 1156 1146 1156 1152 1148 1117 1140 1145 1137 1139 1136 1156 1160 1202 1178 1209 1129 1125 -9999 -9999 -9999 -9999 -9999 -9999 -9999 -9999 -9999 -9999 -9999 -9999 -9999 -9999 -9999 -9999 -9999 -9999 -9999 -9999 -9999 -9999
1126 1115 1122 1127 1130 1138 1176 1133 1110 1098 1074 1119 1127 1129 1174 1138 1152 1139 1163 1146 1135 1108 1089 1130 1137 1157 1161 1142 1158 1159 1160 1164 1161 1172 1192 1174 1194 1211 1213 1166 1143 1140 1133 1148 1134 1127 1119 1129 1117 1112 1122 1139 1140 1146 1150 1189 1160 1177 1204 1225 1218 -9999 -9999 -9999 -9999 -9999 -9999 -9999 -9999 -9999 -9999 -9999 -9999 -9999 -9999 -9999 -9999 -9999 -9999 -9999 -9999 -9999 -9999 -9999
1140 1126 1115 1126 1116 1147 1125 1126 1130 1090 1119 1128 1131 1098 1129 1107 1102 1111 1136 1128 1135 1084 1109 1141 1140 1125 1148 1143 1168 1174 1151 1175 1168 1155 1183 1159 1155 1193 1188 1199 1157 1147 1153 1134 1129 1124 1119 1121 1099 1113 1122 1145 1146 1140 1153 1161 1162 1161 1175 1238 -9999 -9999 -9999 -9999 -9999 -9999 -9999 -9999 -9999 -9999 -9999 -9999 -9999 -9999 -9999 -9999 -9999 -9999 -9999 -9999 -9999 -9999 -9999 -9999
