data/SOILBULK.asc
NCOLS 822 
NROWS 563 
XLLCORNER -58000 
YLLCORNER 5661000 
CELLSIZE 1000 
NODATA_value -9999 
[rows 185 to 221 of 563, columns 252 to 335 of 822]
1102 1108 1121 1134 1127 1120 1098 1088 1091 1110 1239 1230 1224 1226 1240 1254 1232 1228 1250 1283 1300 1259 1258 1251 1288 1296 1287 1309 1296 1286 1280 1272 1284 1284 1303 1299 1280 1285 1299 1306 1296 1288 1290 1277 1268 1252 1245 1269 1261 1303 1322 1292 1308 1295 1275 1285 1284 1251 1245 1255 1246 1246 1273 1242 1221 1250 -9999 -9999 -9999 -9999 -9999 -9999 -9999 -9999 -9999 -9999 -9999 -9999 -9999 -9999 -9999 -9999 -9999 -9999
1117 1126 1125 1132 1110 1116 1094 1083 1085 1116 1252 1232 1208 1236 1238 1230 1247 1245 1260 1283 1291 1281 1267 1249 1272 1261 1273 1292 1308 1287 1274 1279 1286 1279 1288 1291 1279 1268 1291 1300 1292 1282 1263 1254 1290 1281 1265 1274 1275 1261 1258 1295 1311 1324 1275 1262 1287 1268 1237 1248 1267 1260 1271 1285 1266 1259 1243 -9999 -9999 -9999 -9999 -9999 -9999 -9999 -9999 -9999 -9999 -9999 -9999 -9999 -9999 -9999 -9999 -9999
1125 1119 1101 1134 1107 1105 1103 1092 1081 1092 1230 1214 1215 1243 1245 1230 1233 1233 1264 1275 1264 1247 1246 1254 1246 1248 1260 1292 1276 1274 1269 1273 1285 1272 1270 1273 1257 1258 1284 1295 1305 1292 1276 1267 1270 1256 1260 1282 1279 1271 1257 1266 1269 1291 1304 1294 1280 1292 1261 1265 1287 1292 1297 1299 1293 1286 1258 -9999 -9999 -9999 -9999 -9999 -9999 -9999 -9999 -9999 -9999 -9999 -9999 -9999 -9999 -9999 -9999 -9999
1119 1107 1112 1121 1096 1090 1094 1086 1077 1080 1214 1215 1208 1228 1234 1229 1222 1224 1242 1297 1257 1250 1251 1264 1263 1253 1259 1270 1269 1266 1265 1280 1287 1282 1260 1260 1248 1261 1280 1279 1295 1322 1312 1245 1271 1288 1257 1263 1287 1260 1285 1270 1268 1288 1322 1271 1268 1286 1292 1287 1285 1290 1293 1294 1287 1292 1268 1259 1252 -9999 -9999 -9999 -9999 -9999 -9999 -9999 -9999 -9999 -9999 -9999 -9999 -9999 -9999 -9999
1103 1119 1111 1104 1080 1067 1075 1081 1083 1087 1216 1214 1197 1234 1226 1219 1225 1236 1260 1293 1281 1264 1255 1261 1258 1254 1259 1264 1267 1269 1276 1276 1267 1265 1256 1251 1238 1245 1273 1306 1299 1310 1312 1255 1276 1303 1275 1254 1251 1246 1276 1292 1318 1298 1302 1295 1257 1275 1300 1272 1275 1294 1299 1291 1292 1289 1285 1290 1259 -9999 -9999 -9999 -9999 -9999 -9999 -9999 -9999 -9999 -9999 -9999 -9999 -9999 -9999 -9999
1098 1116 1113 1106 1079 1082 1084 1092 1095 1087 1219 1215 1215 1217 1211 1213 1231 1251 1266 1268 1283 1275 1241 1238 1262 1255 1261 1261 1278 1281 1273 1262 1250 1249 1253 1254 1232 1223 1240 1277 1275 1286 1309 1290 1286 1293 1291 1297 1257 1253 1279 1301 1312 1301 1284 1300 1289 1284 1310 1290 1279 1295 1303 1299 1301 1297 1300 1259 -9999 -9999 -9999 -9999 -9999 -9999 -9999 -9999 -9999 -9999 -9999 -9999 -9999 -9999 -9999 -9999
1071 1086 1119 1086 1078 1076 1075 1072 1085 1112 1260 1255 1231 1225 1216 1214 1255 1254 1256 1272 1281 1271 1273 1243 1264 1254 1264 1272 1294 1275 1262 1262 1261 1253 1251 1266 1245 1220 1251 1276 1250 1261 1306 1311 1305 1297 1299 1302 1275 1277 1294 1297 1293 1279 1274 1303 1306 1310 1297 1249 1261 1269 1309 1319 1310 1293 1299 1266 -9999 -9999 -9999 -9999 -9999 -9999 -9999 -9999 -9999 -9999 -9999 -9999 -9999 -9999 -9999 -9999
1064 1087 1112 1081 1083 1076 1082 1084 1086 1099 1235 1232 1218 1225 1222 1220 1242 1253 1266 1285 1289 1284 1286 1273 1285 1263 1271 1274 1263 1266 1263 1259 1255 1268 1278 1249 1239 1225 1246 1268 1262 1237 1297 1293 1297 1284 1292 1296 1283 1294 1303 1282 1291 1273 1272 1275 1307 1311 1248 1256 1306 1322 1264 1318 1304 1298 1297 1300 1272 -9999 -9999 -9999 -9999 -9999 -9999 -9999 -9999 -9999 -9999 -9999 -9999 -9999 -9999 -9999
1096 1070 1071 1066 1076 1084 1090 1091 1103 1132 1221 1232 1211 1227 1215 1214 1246 1248 1260 1285 1297 1289 1271 1266 1274 1267 1271 1260 1252 1268 1253 1259 1264 1270 1259 1251 1247 1231 1235 1272 1278 1283 1288 1284 1264 1280 1293 1290 1283 1292 1304 1287 1300 1284 1312 1287 1297 1303 1288 1311 1278 1326 1307 1276 1305 1296 1299 1302 1280 1266 -9999 -9999 -9999 -9999 -9999 -9999 -9999 -9999 -9999 -9999 -9999 -9999 -9999 -9999
1087 1109 1101 1081 1077 1086 1111 1150 1104 1209 1229 1238 1230 1219 1223 1229 1239 1230 1246 1272 1287 1299 1289 1255 1254 1272 1261 1256 1247 1258 1261 1286 1306 1280 1267 1256 1244 1253 1243 1262 1274 1277 1276 1281 1276 1286 1290 1276 1289 1297 1287 1288 1285 1289 1304 1312 1312 1314 1274 1283 1284 1318 1305 1296 1315 1253 1293 1298 1258 1259 -9999 -9999 -9999 -9999 -9999 -9999 -9999 -9999 -9999 -9999 -9999 -9999 -9999 -9999
1070 1085 1092 1083 1085 1085 1116 1124 1107 1196 1243 1251 1232 1230 1232 1232 1220 1207 1234 1273 1284 1284 1269 1261 1256 1284 1255 1249 1246 1239 1249 1265 1281 1293 1266 1254 1250 1275 1234 1238 1249 1271 1262 1264 1281 1280 1284 1264 1297 1302 1279 1265 1285 1307 1283 1289 1308 1302 1286 1308 1250 1296 1324 1262 1303 1287 1258 1285 1262 1247 -9999 -9999 -9999 -9999 -9999 -9999 -9999 -9999 -9999 -9999 -9999 -9999 -9999 -9999
1076 1087 1083 1085 1122 1101 1106 1122 1107 1196 1255 1245 1238 1229 1220 1210 1197 1221 1252 1265 1293 1283 1258 1253 1259 1269 1261 1256 1253 1258 1255 1260 1256 1265 1273 1251 1264 1280 1230 1239 1258 1279 1257 1252 1265 1280 1275 1257 1277 1314 1296 1294 1310 1284 1282 1285 1276 1303 1294 1292 1294 1288 1280 1278 1299 1282 1285 1285 1251 1251 1254 -9999 -9999 -9999 -9999 -9999 -9999 -9999 -9999 -9999 -9999 -9999 -9999 -9999
1092 1072 1080 1089 1110 1109 1113 1129 1124 1241 1265 1263 1268 1249 1222 1217 1205 1241 1253 1262 1275 1276 1230 1242 1235 1251 1253 1259 1263 1262 1258 1264 1265 1264 1248 1265 1263 1264 1229 1243 1273 1286 1268 1258 1277 1268 1282 1277 1281 1288 1311 1302 1299 1313 1284 1293 1294 1297 1288 1284 1278 1272 1288 1296 1309 1297 1292 1289 1295 1294 1252 1259 -9999 -9999 -9999 -9999 -9999 -9999 -9999 -9999 -9999 -9999 -9999 -9999
1101 1075 1078 1093 1108 1114 1114 1137 1139 1286 1278 1286 1281 1258 1252 1229 1242 1263 1225 1282 1276 1265 1220 1235 1244 1268 1262 1269 1261 1265 1251 1261 1277 1272 1258 1272 1263 1273 1259 1240 1263 1252 1278 1282 1266 1249 1240 1256 1270 1292 1307 1275 1272 1321 1285 1285 1292 1286 1305 1293 1283 1285 1294 1298 1307 1316 1293 1274 1295 1300 1270 1257 -9999 -9999 -9999 -9999 -9999 -9999 -9999 -9999 -9999 -9999 -9999 -9999
1136 1112 1106 1102 1100 1108 1104 1119 1126 1251 1255 1255 1244 1233 1251 1243 1257 1266 1230 1288 1272 1273 1232 1251 1262 1268 1263 1274 1260 1258 1246 1265 1269 1263 1257 1250 1258 1296 1275 1243 1269 1237 1248 1263 1257 1288 1247 1258 1276 1275 1261 1274 1282 1313 1289 1287 1297 1264 1292 1307 1316 1305 1297 1299 1312 1318 1260 1256 1286 1277 1284 1274 1263 -9999 -9999 -9999 -9999 -9999 -9999 -9999 -9999 -9999 -9999 -9999
1120 1112 1109 1099 1100 1092 1106 1117 1113 1237 1246 1265 1245 1258 1214 1249 1273 1282 1280 1296 1258 1274 1265 1272 1279 1272 1262 1267 1268 1261 1248 1251 1242 1250 1247 1250 1253 1264 1261 1232 1237 1225 1229 1253 1284 1294 1285 1274 1286 1287 1244 1273 1269 1270 1300 1292 1296 1287 1290 1300 1295 1305 1296 1303 1312 1311 1278 1281 1298 1301 1302 1288 1290 -9999 -9999 -9999 -9999 -9999 -9999 -9999 -9999 -9999 -9999 -9999
1096 1095 1109 1105 1094 1083 1114 1134 1240 1235 1245 1251 1264 1267 1235 1250 1299 1299 1297 1297 1274 1268 1290 1278 1289 1274 1260 1258 1276 1271 1253 1240 1242 1246 1252 1248 1249 1247 1240 1235 1233 1253 1270 1283 1281 1272 1303 1294 1270 1256 1254 1268 1282 1268 1301 1294 1292 1283 1309 1296 1301 1301 1313 1319 1306 1301 1298 1258 1306 1315 1319 1298 1297 1266 -9999 -9999 -9999 -9999 -9999 -9999 -9999 -9999 -9999 -9999
1091 1099 1113 1111 1102 1088 1121 1134 1265 1245 1249 1239 1248 1241 1250 1284 1293 1289 1300 1296 1273 1260 1268 1285 1285 1283 1269 1257 1267 1270 1251 1246 1252 1265 1257 1239 1220 1241 1244 1232 1237 1237 1247 1269 1282 1279 1290 1295 1258 1246 1257 1276 1280 1272 1290 1275 1277 1288 1309 1290 1317 1320 1336 1333 1302 1305 1310 1297 1315 1346 1324 1311 1302 1231 1226 -9999 -9999 -9999 -9999 -9999 -9999 -9999 -9999 -9999
1103 1084 1096 1106 1103 1096 1106 1127 1255 1249 1244 1244 1232 1240 1247 1270 1279 1287 1298 1289 1261 1263 1270 1283 1276 1269 1264 1254 1271 1251 1235 1248 1249 1255 1254 1272 1226 1230 1249 1244 1243 1257 1243 1247 1256 1251 1259 1260 1241 1249 1256 1281 1268 1245 1262 1254 1253 1267 1287 1261 1240 1305 1329 1323 1337 1330 1300 1299 1282 1341 1324 1303 1249 1244 1211 1214 -9999 -9999 -9999 -9999 -9999 -9999 -9999 -9999
1124 1092 1095 1094 1110 1107 1129 1207 1246 1259 1250 1239 1236 1240 1222 1247 1268 1282 1295 1280 1267 1271 1273 1276 1266 1259 1260 1254 1282 1246 1236 1242 1245 1238 1235 1233 1237 1236 1240 1232 1247 1254 1249 1239 1263 1246 1236 1238 1244 1248 1253 1260 1267 1245 1242 1251 1245 1271 1266 0 0 0 0 1325 1299 1323 1308 1289 1288 1262 1297 1281 1279 1240 1199 1188 1216 1238 -9999 -9999 -9999 -9999 -9999 -9999
1119 1105 1093 1091 1094 1114 1117 1165 1233 1264 1245 1233 1247 1246 1241 1256 1277 1281 1288 1270 1268 1268 1274 1277 1262 1256 1264 1253 1253 1237 1230 1229 1250 1255 1232 1242 1237 1258 1259 1247 1241 1240 1247 1243 1274 1272 1259 1252 1254 1252 1252 1252 1248 1242 1250 1252 1242 1257 1262 1255 0 0 0 1273 1277 1292 1298 1319 1315 1286 1282 1263 1247 1267 1237 1236 1241 1228 1238 -9999 -9999 -9999 -9999 -9999
1100 1096 1087 1095 1104 1129 1159 1239 1232 1228 1239 1239 1255 1253 1247 1275 1270 1284 1285 1269 1262 1276 1275 1279 1264 1261 1251 1257 1243 1222 1217 1216 1223 1239 1255 1245 1242 1245 1248 1241 1230 1237 1238 1242 1269 1256 1256 1253 1241 1264 1251 1256 1262 1250 1247 1242 1246 1256 1268 0 0 0 0 1288 1304 1308 1304 1301 1280 1271 1248 1255 1202 1239 1217 1226 1225 1202 1236 -9999 -9999 -9999 -9999 -9999
1115 1119 1114 1134 1110 1124 1181 1229 1220 1228 1232 1243 1265 1256 1239 1259 1267 1294 1297 1269 1258 1264 1279 1277 1270 1266 1257 1245 1236 1220 1221 1208 1208 1221 1228 1234 1232 1235 1243 1240 1226 1232 1230 1236 1254 1265 1247 1244 1244 1271 1265 1257 1270 1260 1232 1235 1225 1227 1266 1256 0 0 0 0 1284 1290 1280 1288 1258 1233 1242 1233 1212 1235 1211 1188 1206 1224 1236 1222 1225 1225 -9999 -9999
1124 1113 1097 1107 1103 1115 1246 1235 1239 1235 1225 1236 1276 1260 1259 1263 1274 1294 1296 1275 1255 1255 1276 1280 1258 1261 1255 1257 1250 1244 1232 1220 1219 1223 1224 1220 1230 1238 1248 1241 1231 1231 1230 1226 1250 1264 1251 1253 1265 1267 1274 1267 1253 1242 1228 1229 1241 1244 1244 1278 1234 0 0 0 1270 1260 1252 1242 1212 1224 1220 1244 1249 1227 1225 1200 1202 1237 1243 1249 1240 1227 -9999 -9999
1113 1096 1095 1092 1115 1149 1240 1237 1232 1231 1235 1233 1259 1245 1265 1266 1280 1290 1297 1279 1258 1246 1258 1257 1250 1240 1240 1246 1265 1231 1217 1224 1223 1221 1222 1217 1244 1244 1242 1238 1240 1236 1238 1229 1236 1241 1239 1239 1246 1267 1263 1248 1244 1235 1239 1262 1249 1247 1238 1237 1256 1281 0 0 1272 1257 1233 1205 1186 1193 1212 1237 1258 1222 1234 1224 1223 1241 1225 1231 1267 1193 -9999 -9999
1116 1105 1114 1110 1103 1197 1247 1247 1231 1233 1228 1223 1228 1232 1237 1253 1256 1268 1288 1292 1254 1253 1250 1243 1232 1238 1245 1230 1226 1218 1213 1226 1228 1223 1225 1226 1266 1240 1238 1237 1239 1237 1243 1240 1242 1238 1231 1231 1238 1253 1244 1248 1246 1242 1241 1249 1246 1248 1229 1216 1251 1289 0 0 1242 1231 1226 1198 1180 1187 1194 1218 1248 1264 1244 1229 1258 1246 1247 1227 1269 1235 1194 1195
1117 1105 1113 1132 1125 1228 1250 1239 1223 1208 1217 1216 1230 1247 1242 1241 1269 1280 1267 1248 1244 1266 1261 1243 1239 1243 1241 1231 1233 1220 1222 1223 1215 1222 1231 1235 1255 1237 1239 1238 1233 1251 1243 1267 1248 1241 1231 1229 1247 1241 1246 1243 1237 1239 1252 1237 1238 1253 1230 1223 1245 1247 1237 1222 1230 1203 1224 1225 1187 1186 1187 1196 1202 1212 1218 1242 1232 1225 1208 1186 1232 1248 1230 1236
1118 1099 1098 1123 1195 1252 1257 1232 1204 1202 1206 1215 1227 1227 1235 1242 1265 1293 1278 1242 1253 1257 1279 1236 1239 1236 1242 1244 1234 1228 1232 1222 1214 1224 1237 1254 1255 1246 1240 1232 1231 1231 1239 1247 1236 1240 1244 1244 1251 1243 1242 1247 1262 1241 1236 1238 1239 1240 1232 1230 1227 1234 1210 1216 1201 1188 1191 1225 1215 1206 1203 1212 1190 1175 1192 1198 1207 1199 1181 1195 1211 1210 1203 1210
1110 1095 1107 1168 1242 1253 1267 1233 1206 1195 1201 1208 1220 1247 1248 1249 1273 1280 1260 1247 1241 1255 1270 1238 1234 1235 1243 1276 1240 1231 1237 1238 1223 1223 1234 1252 1272 1243 1238 1226 1217 1224 1251 1261 1234 1231 1244 1251 1256 1243 1236 1241 1231 1227 1232 1249 1232 1235 1234 1234 1232 1247 1219 1201 1188 1184 1180 1206 1216 1206 1213 1233 1196 1174 1183 1176 1182 1222 1180 1177 1199 1217 1192 1180
1097 1099 1158 1243 1241 1250 1249 1232 1201 1204 1196 1213 1225 1236 1268 1254 1232 1275 1257 1249 1253 1259 1257 1242 1234 1240 1248 1260 1229 1228 1237 1239 1230 1222 1241 1239 1225 1251 1233 1224 1227 1218 1225 1237 1237 1224 1229 1249 1239 1244 1230 1226 1224 1228 1231 1232 1223 1221 1226 1226 1229 1237 1228 1206 1187 1177 1188 1195 1207 1194 1192 1217 1206 1175 1194 1191 1185 1183 1183 1178 1188 1206 1183 1181
1098 1095 1203 1233 1205 1231 1233 1215 1197 1192 1194 1227 1242 1243 1240 1244 1274 1298 1276 1253 1255 1254 1260 1244 1251 1238 1241 1236 1225 1232 1238 1237 1227 1218 1241 1236 1248 1281 1251 1232 1222 1222 1227 1231 1255 1248 1229 1235 1243 1259 1234 1228 1233 1228 1229 1224 1231 1220 1213 1216 1219 1213 1218 1186 1176 1174 1181 1199 1212 1208 1198 1196 1194 1194 1196 1197 1193 1189 1183 1184 1188 1184 1183 1180
1098 1203 1211 1206 1205 1219 1231 1233 1215 1219 1215 1225 1251 1266 1252 1248 1286 1275 1265 1239 1244 1253 1247 1250 1266 1255 1247 1230 1237 1242 1241 1243 1248 1219 1252 1244 1238 1237 1236 1222 1226 1224 1220 1223 1242 1236 1231 1242 1240 1242 1240 1240 1226 1219 1213 1213 1222 1230 1210 1200 1211 1214 1211 1186 1191 1184 1191 1219 1254 1226 1194 1188 1189 1188 1188 1190 1200 1189 1182 1188 1176 1175 1173 1168
1163 1217 1218 1191 1193 1216 1187 1178 1245 1265 1241 1238 1221 1234 1258 1249 1274 1275 1263 1234 1240 1252 1256 1246 1250 1253 1249 1244 1247 1238 1220 1222 1252 1234 1259 1274 1244 1246 1261 1223 1217 1224 1232 1236 1244 1247 1236 1246 1243 1236 1244 1231 1212 1212 1201 1198 1211 1227 1214 1204 1210 1212 1175 1207 1199 1190 1192 1211 1234 1205 1196 1190 1190 1205 1194 1202 1215 1194 1183 1183 1181 1178 1170 1169
1215 1200 1221 1211 1193 1207 1200 1227 1207 1248 1236 1248 1231 1222 1253 1254 1248 1256 1252 1241 1247 1250 1249 1240 1238 1240 1246 1249 1252 1243 1233 1224 1228 1238 1252 1254 1248 1233 1219 1223 1219 1225 1235 1243 1242 1242 1234 1245 1253 1239 1231 1216 1210 1218 1199 1207 1199 1214 1216 1214 1210 1214 1187 1201 1182 1190 1191 1217 1228 1223 1207 1194 1190 1210 1194 1188 1213 1213 1199 1186 1176 1178 1178 1174
1250 1232 1232 1232 1227 1213 1204 1203 1197 1223 1181 1248 1239 1255 1250 1248 1243 1242 1251 1239 1242 1246 1246 1251 1240 1238 1260 1249 1257 1232 1235 1255 1243 1237 1263 1259 1248 1238 1219 1223 1219 1223 1234 1241 1236 1237 1239 1245 1243 1250 1242 1215 1205 1199 1187 1194 1200 1192 1196 1220 1217 1220 1182 1191 1191 1193 1190 1212 1193 1213 1230 1197 1184 1179 1173 1179 1204 1217 1208 1185 1176 1178 1188 1171
1226 1222 1202 1238 1206 1193 1209 1192 1206 1236 1195 1237 1246 1251 1244 1243 1238 1234 1257 1242 1237 1243 1254 1258 1252 1242 1271 1253 1241 1264 1248 1252 1270 1242 1252 1244 1241 1240 1225 1222 1221 1228 1236 1237 1230 1225 1223 1233 1247 1251 1260 1217 1200 1196 1201 1204 1193 1204 1212 1211 1218 1200 1186 1192 1191 1189 1187 1192 1185 1217 1228 1217 1180 1172 1166 1187 1204 1217 1203 1203 1179 1182 1186 1173
1188 1194 1192 1230 1220 1194 1197 1214 1211 1233 1233 1247 1246 1246 1245 1248 1256 1239 1226 1234 1235 1252 1272 1251 1237 1237 1240 1253 1261 1258 1244 1239 1235 1252 1265 1235 1235 1238 1231 1223 1224 1240 1242 1238 1231 1215 1211 1218 1247 1238 1223 1212 1211 1221 1223 1220 1210 1235 1240 1226 1215 1197 1183 1190 1187 1182 1186 1181 1182 1196 1205 1196 1181 1170 1169 1183 1197 1206 1206 1203 1186 1181 1180 1178
