data/SOILBULK.asc
NCOLS 822 
NROWS 563 
XLLCORNER -58000 
YLLCORNER 5661000 
CELLSIZE 1000 
NODATA_value -9999 
[rows 296 to 332 of 563, columns 588 to 671 of 822]
966 943 989 924 971 983 990 958 929 929 877 921 921 929 933 930 947 984 969 973 972 983 970 1113 1083 1089 1092 1074 1078 1112 1126 1063 1071 1063 1036 982 978 1025 1058 1046 1036 1075 1067 1033 1027 1079 1048 983 1013 1009 1000 977 988 964 900 929 983 930 924 905 942 909 925 907 900 906 925 892 870 -9999 -9999 -9999 -9999 -9999 -9999 -9999 -9999 -9999 -9999 -9999 -9999 -9999 -9999 -9999
948 959 986 965 920 921 881 963 936 908 866 892 899 940 933 924 957 953 948 970 992 965 975 1121 1106 1103 1103 1081 1078 1104 1108 1105 1075 1048 1023 1017 988 1042 1043 1040 1026 1056 1072 1021 1026 1097 1117 1032 1023 990 986 984 964 918 896 922 949 951 923 915 924 919 920 916 933 947 948 884 825 -9999 909 875 916 850 893 -9999 996 1019 -9999 -9999 -9999 -9999 -9999 -9999
923 946 946 959 956 953 898 849 901 905 869 910 901 903 918 939 984 954 980 962 1008 960 953 1068 1086 1093 1086 1042 1061 1106 1087 1120 1097 1047 1059 1039 1107 1068 1066 1070 1039 1047 1054 1009 1052 1077 1133 1038 999 973 983 949 914 895 890 925 946 956 931 920 900 900 899 901 939 971 922 838 819 853 845 802 878 833 860 972 1042 1024 999 1043 -9999 -9999 -9999 -9999
930 913 908 910 963 961 950 892 900 926 922 898 923 910 929 942 954 953 957 993 984 950 977 1069 1117 1116 1090 1063 1073 1045 1141 1123 1106 1140 1123 1098 1088 1058 1085 1047 1067 1051 1037 1038 1078 1111 1117 1068 991 995 1020 948 892 902 931 931 971 918 964 958 946 932 906 935 938 940 877 809 803 827 796 838 864 871 856 946 1010 1031 1013 1054 1012 -9999 -9999 -9999
936 914 901 926 937 942 964 962 931 945 938 902 945 935 935 951 955 946 951 971 1000 973 1060 1066 1089 1101 1089 1081 1096 1083 1092 1119 1105 1041 1112 1122 1071 1118 1094 1066 1072 1067 1051 1094 1121 1120 1119 1004 986 992 972 953 922 927 901 923 965 932 991 1009 970 958 936 924 923 945 881 806 789 805 797 826 847 837 838 885 1006 1024 1053 1058 997 984 965 -9999
931 928 928 931 924 933 948 940 974 967 954 923 942 933 946 954 954 941 936 944 983 1008 1087 1074 1068 1098 1088 1116 1100 1135 1146 1105 1091 1101 1098 1084 1117 1093 1067 1076 1085 1084 1079 1081 1051 1089 1126 1004 999 974 962 893 905 950 891 937 990 978 963 987 990 984 987 918 919 976 834 820 811 803 807 817 828 826 827 853 911 1010 1029 1042 981 996 979 964
921 919 941 934 931 934 935 960 968 981 969 942 925 937 930 922 946 945 941 941 955 1064 1074 1066 1065 1098 1081 1147 1127 1164 1115 1100 1073 1091 1119 1095 1082 1109 1105 1065 1084 1095 1076 1059 1044 1093 1024 978 989 962 984 925 920 897 914 952 954 952 979 979 927 970 942 923 975 932 840 832 837 809 807 835 821 822 826 850 852 974 1011 978 992 991 994 981
932 923 932 916 923 935 924 949 939 944 967 976 944 924 915 916 936 942 934 930 976 1053 1074 1086 1087 1078 1095 1160 1151 1151 1116 1089 1090 1119 1114 1085 1092 1117 1106 1063 1096 1098 1103 1074 1075 1028 945 993 1007 972 995 932 922 985 950 944 952 967 995 933 947 939 905 907 933 896 836 822 808 818 801 804 817 825 837 841 881 912 982 955 989 990 1032 987
894 897 932 919 905 930 929 932 915 938 963 990 971 939 920 956 949 958 942 928 1010 1058 1060 1087 1079 1075 1090 1157 1132 1119 1102 1093 1103 1109 1106 1067 1070 1081 1119 1057 1152 1136 1113 1039 971 985 978 1002 1024 985 974 954 937 967 941 966 969 937 947 948 957 909 909 915 865 848 887 823 817 800 819 802 862 792 875 857 887 901 963 987 983 987 998 981
853 851 887 921 921 960 970 941 916 940 990 997 947 930 919 947 970 956 944 933 1036 1079 1063 1072 1096 1065 1069 1142 1113 1135 1109 1102 1143 1092 1101 1068 1039 1053 1107 1073 1115 1054 1026 1038 1002 1046 1016 992 1002 1006 981 989 961 956 923 919 927 951 932 919 936 940 963 879 864 847 834 814 797 802 799 782 797 824 858 866 885 888 964 985 999 996 1014 994
843 865 876 886 888 952 927 902 903 905 942 971 935 924 911 966 956 969 952 941 1072 1087 1063 1077 1114 1066 1086 1138 1125 1158 1131 1110 1148 1096 1096 1075 1074 1040 1069 1124 1042 982 991 1017 986 990 1038 1035 1002 999 998 981 935 913 905 902 899 946 927 926 930 956 925 859 865 895 854 819 804 792 802 814 855 838 837 866 885 882 936 998 1025 1009 1015 1023
869 841 860 873 883 884 912 885 911 914 927 993 934 945 937 939 952 977 966 1057 1073 1094 1077 1102 1132 1056 1110 1151 1136 1129 1147 1133 1137 1093 1102 1073 1076 1071 1053 1109 1038 974 994 1007 989 984 1037 1064 1013 1009 955 978 970 933 931 938 932 925 924 932 943 899 864 863 881 894 865 829 794 804 812 826 856 849 818 852 881 903 888 953 968 1003 996 996
845 878 827 811 854 840 863 860 870 890 923 991 967 903 940 950 913 946 966 1097 1081 1071 1085 1118 1116 1080 1110 1152 1150 1154 1152 1131 1122 1095 1094 1073 1086 1080 1040 998 1014 971 971 965 955 1017 1037 1037 993 936 888 968 1022 1002 980 998 971 926 931 933 935 850 876 867 888 897 863 829 801 804 812 817 842 869 848 854 867 879 893 945 940 964 1019 1004
911 896 890 887 888 884 872 853 887 911 959 974 963 946 934 963 962 975 1073 1091 1095 1107 1110 1095 1053 1090 1108 1119 1155 1142 1137 1134 1126 1108 1090 1071 1096 1081 1030 945 1022 991 983 965 928 961 1007 990 961 892 894 931 1014 1025 1006 972 927 897 940 908 888 856 859 855 896 871 851 830 843 817 798 803 821 831 827 842 882 876 879 912 883 871 991 1025
882 880 879 886 901 944 934 925 930 941 985 983 951 927 935 969 980 981 1085 1059 1063 1065 1075 1110 1069 1158 1115 1159 1135 1141 1126 1122 1116 1130 1101 1044 1086 1024 944 940 993 965 981 962 929 966 974 970 962 931 905 894 967 982 963 937 880 953 911 867 863 879 841 847 870 842 847 835 910 876 798 806 822 831 829 847 861 864 858 861 877 876 975 1037
871 888 875 880 892 906 931 957 956 979 981 988 963 956 966 962 952 1039 1093 1109 1101 1113 1115 1085 1120 1147 1135 1152 1145 1139 1137 1130 1112 1123 1112 1095 943 940 956 993 1026 1023 989 951 957 945 928 950 954 889 897 900 932 939 935 912 927 957 876 874 880 916 880 879 851 867 869 920 920 920 803 829 826 838 829 835 840 851 855 878 871 887 972 1074
888 903 880 883 909 904 898 925 936 935 940 974 979 955 973 953 985 1072 1063 1066 1091 1111 1123 1099 1124 1137 1134 1145 1152 1141 1144 1146 1153 1125 1107 1030 1001 1001 995 1037 1026 1017 1010 1005 1012 953 950 952 931 857 935 956 947 919 935 918 925 898 847 860 900 901 883 908 908 896 888 968 952 932 863 863 832 833 828 840 829 834 846 872 869 885 985 1062
878 877 862 897 902 903 898 934 974 928 915 938 983 971 975 956 1014 1069 1090 1091 1103 1123 1126 1111 1141 1124 1124 1143 1144 1132 1145 1143 1141 1161 1093 1008 1022 1030 1010 1019 1011 1029 993 1001 923 945 942 983 892 947 942 956 953 963 925 903 914 864 899 815 864 878 870 898 881 930 903 914 928 915 967 959 935 852 849 824 810 828 844 868 876 885 1013 1019
848 839 858 877 906 903 902 921 955 960 924 919 981 977 973 1014 1099 1075 1087 1104 1101 1146 1141 1133 1126 1121 1132 1135 1133 1126 1158 1151 1143 1141 1096 1038 1021 1020 1014 998 997 1014 975 960 974 982 950 944 951 937 941 950 997 989 944 907 922 848 832 821 872 898 859 894 922 911 897 890 901 904 994 963 980 825 824 813 817 841 844 858 872 948 1001 997
873 878 895 881 880 890 894 910 942 959 929 934 973 991 1000 1069 1086 1074 1087 1100 1136 1157 1144 1132 1118 1120 1125 1144 1137 1124 1128 1144 1127 1130 1095 1020 1012 1004 1010 1006 1013 1016 986 965 975 978 965 951 978 947 932 979 977 927 935 881 903 853 854 844 851 897 867 851 910 929 993 877 1001 990 999 932 957 845 857 822 852 856 853 874 875 981 1000 1001
885 893 914 921 910 907 900 910 928 929 944 978 990 1010 1066 1082 1085 1071 1077 1108 1146 1159 1134 1133 1137 1127 1122 1142 1135 1116 1108 1110 1123 1128 1125 1036 1017 1000 1003 1008 994 951 962 945 926 973 944 972 977 975 962 971 965 923 890 867 896 855 841 848 850 877 863 865 895 978 971 899 1002 992 977 956 975 891 878 852 848 850 866 871 922 1014 1011 1005
896 899 895 906 912 923 936 936 932 913 976 988 989 1075 1107 1098 1094 1082 1074 1123 1130 1163 1112 1131 1147 1132 1127 1143 1138 1122 1111 1103 1127 1123 1129 1071 1011 994 1014 1022 957 952 943 921 946 975 972 971 1006 1001 989 965 941 837 830 837 850 855 841 850 810 843 869 882 953 962 962 998 980 1005 986 981 979 896 895 868 884 876 875 884 968 1052 1041 1021
921 905 905 896 887 910 970 943 942 941 996 1001 1057 1113 1111 1112 1114 1109 1111 1120 1121 1127 1124 1141 1145 1128 1131 1134 1134 1129 1113 1118 1132 1132 1127 1120 1056 970 990 995 948 969 922 917 950 974 1000 1018 1035 1000 947 943 879 851 850 877 893 890 880 857 845 870 865 913 933 942 974 953 959 971 954 988 991 877 909 893 870 895 933 933 978 1021 1032 1072
931 931 911 892 880 916 975 976 971 976 992 1008 1100 1120 1117 1100 1121 1112 1110 1105 1109 1105 1095 1132 1127 1125 1130 1127 1130 1135 1122 1136 1147 1137 1088 1108 1091 970 944 969 977 966 956 931 936 952 991 1032 1030 955 895 886 890 882 869 879 869 880 875 880 903 913 913 968 946 954 936 935 954 957 966 993 1004 908 916 905 903 894 887 905 1025 1096 1080 1085
905 947 918 899 903 913 960 976 966 976 993 1066 1138 1103 1109 1127 1125 1112 1126 1112 1118 1092 1103 1138 1114 1115 1130 1137 1133 1131 1138 1146 1137 1064 1043 1065 1064 1032 956 942 958 955 988 945 946 951 1002 1006 966 909 899 856 864 876 892 863 890 875 882 903 893 918 938 945 904 927 916 928 940 951 978 995 1016 925 912 902 943 930 896 913 1004 1092 1074 1115
924 954 913 895 928 939 951 967 920 959 968 1093 1136 1109 1105 1124 1099 1099 1079 1102 1104 1100 1092 1141 1124 1119 1127 1140 1135 1133 1136 1137 1125 1039 1056 1037 1077 1055 1057 983 997 957 982 957 960 998 972 983 929 870 889 847 877 878 889 879 889 896 880 862 906 904 953 918 933 921 909 934 940 959 982 992 1012 960 920 905 931 928 898 896 1004 1073 1073 1097
936 963 952 949 958 936 927 921 917 937 985 1075 1120 1104 1093 1092 1085 1116 1093 1104 1084 1073 1056 1145 1153 1152 1144 1140 1120 1129 1128 1097 1076 1078 1031 1062 1103 1101 1069 1087 1034 981 952 967 958 992 977 959 912 895 864 885 902 877 865 884 882 936 846 885 914 923 924 914 938 927 921 955 956 979 966 991 1001 1020 964 915 922 908 896 897 980 1059 1057 1065
921 958 954 923 972 948 937 902 909 917 987 1095 1124 1097 1120 1108 1116 1115 1113 1100 1063 1060 1061 1117 1140 1146 1151 1152 1135 1129 1114 1077 1081 1040 1090 1106 1119 1166 1172 1116 1061 1025 978 947 997 977 963 917 903 917 933 914 906 880 882 897 933 896 916 934 955 932 899 919 939 991 970 980 991 988 957 972 1000 1020 991 968 961 916 899 933 1042 1028 1055 1037
926 939 942 929 960 939 933 938 942 919 1057 1078 1106 1086 1091 1063 1111 1098 1106 1073 1084 1103 1037 1107 1106 1140 1131 1137 1141 1131 1093 1081 1085 1091 1119 1155 1146 1188 1197 1168 1075 1000 985 959 954 953 919 939 926 960 928 873 847 891 933 932 888 957 937 950 951 942 931 932 944 962 960 962 1010 958 914 935 974 941 969 986 972 916 904 950 1055 1041 1040 1015
933 943 942 937 939 958 937 941 942 923 1013 1071 1101 1077 1076 1063 1088 1104 1112 1076 1091 1096 1061 1116 1099 1127 1125 1120 1099 1114 1109 1109 1121 1150 1140 1119 1145 1139 1158 1161 1080 1020 1029 973 995 952 952 930 970 910 872 889 839 931 876 951 924 929 902 915 953 899 952 917 936 976 976 989 999 960 932 977 975 964 978 998 912 928 918 953 1028 1069 1051 1038
924 921 931 931 919 953 934 952 944 956 971 1073 1089 1059 1071 1083 1083 1077 1084 1117 1099 1069 1086 1104 1105 1103 1110 1128 1120 1121 1095 1080 1075 1138 1154 1147 1139 1106 1091 1136 1074 1033 1054 1037 982 922 895 956 962 895 870 859 943 944 890 903 899 896 885 920 942 890 908 911 910 983 989 986 986 944 938 971 992 992 979 989 927 900 896 965 1045 1028 1064 1080
910 945 941 925 963 969 959 972 973 992 1003 1084 1072 1057 1067 1060 1071 1066 1091 1105 1124 1091 1093 1099 1093 1093 1104 1121 1135 1123 1103 1077 1053 1130 1124 1112 1122 1095 1103 1114 1124 1040 1016 1015 976 1000 982 936 895 896 906 932 862 841 886 874 890 892 881 937 910 918 901 888 941 913 902 931 925 913 912 961 948 997 1002 1007 958 909 903 944 1031 1060 1077 1054
886 950 948 929 947 969 967 970 972 989 1010 1086 1063 1078 1088 1083 1103 1092 1100 1089 1085 1105 1098 1105 1105 1107 1119 1141 1138 1123 1094 1091 1071 1067 1080 1103 1108 1096 1093 1105 1123 1065 1029 1023 1010 999 991 891 887 909 894 872 883 890 923 908 908 930 899 889 886 901 884 882 894 889 890 910 915 952 965 965 1003 989 999 979 988 930 874 950 1033 1067 1092 1089
913 939 924 912 926 954 966 966 980 1004 1007 1082 1080 1085 1106 1098 1094 1112 1117 1090 1081 1104 1113 1117 1114 1110 1121 1131 1118 1124 1099 1073 1062 1057 1098 1114 1118 1095 1068 1088 1111 1138 1057 1033 1001 960 921 939 958 930 969 910 911 914 906 903 913 929 913 891 867 876 880 888 900 883 912 902 921 962 952 973 971 1031 1015 996 969 908 896 975 1019 1129 1139 1110
917 919 943 907 906 955 969 971 996 1006 969 1024 1093 1095 1095 1098 1085 1090 1131 1103 1099 1114 1129 1124 1117 1109 1107 1132 1108 1111 1094 1081 1072 1056 1096 1103 1083 1100 1074 1092 1117 1142 1092 1039 996 950 923 948 948 943 933 928 929 924 891 875 899 878 872 886 874 899 895 937 907 918 907 905 916 930 932 946 999 1009 1014 1005 946 872 872 949 1101 1135 1144 1141
947 899 893 903 892 970 999 989 971 936 967 1022 1054 1058 1049 1072 1062 1068 1107 1073 1098 1108 1124 1123 1127 1109 1103 1119 1110 1122 1082 1101 1069 1055 1079 1081 1088 1100 1086 1100 1100 1146 1126 1044 1013 955 905 922 900 925 923 926 936 926 911 893 925 889 901 907 876 879 889 943 958 928 935 932 929 939 937 938 961 1031 1014 1020 957 877 883 993 1072 1120 1108 1080
924 935 895 901 893 910 999 986 993 1006 973 1012 1040 1052 1056 1058 1086 1106 1121 1101 1105 1122 1115 1113 1113 1115 1113 1127 1133 1101 1083 1097 1082 1070 1083 1084 1101 1092 1098 1113 1081 1116 1152 1059 1026 969 926 887 860 893 921 928 906 911 923 902 911 922 918 936 909 909 921 919 921 935 954 941 940 973 953 947 1008 1002 991 1020 1003 901 899 968 1052 1044 1047 1049
