data/SOILBULK.asc
NCOLS 822 
NROWS 563 
XLLCORNER -58000 
YLLCORNER 5661000 
CELLSIZE 1000 
NODATA_value -9999 
[rows 222 to 258 of 563, columns 420 to 503 of 822]
1225 1209 1214 1247 1254 1249 1266 1247 1244 1235 1247 1265 1271 1295 1236 1211 1193 1187 1195 1185 1199 1191 1190 1187 1189 1195 1188 1187 1180 1173 1187 1193 1187 1175 1178 1180 1194 1190 1181 1181 1161 1179 1170 1176 1168 1168 1184 1182 1203 1207 1194 1211 1214 1220 1210 1206 1218 1221 1231 1228 1232 1229 1214 1222 1223 1237 1248 1230 1220 1239 1236 1238 1226 1226 1221 1231 1258 1254 1235 1209 1208 1197 1210 1202
1226 1208 1213 1244 1246 1260 1271 1279 1297 1305 1283 1276 1290 1262 1275 1232 1218 1208 1203 1204 1201 1183 1185 1181 1175 1197 1189 1179 1181 1174 1182 1179 1182 1182 1182 1185 1182 1182 1180 1182 1157 1169 1166 1181 1172 1161 1170 1173 1211 1200 1185 1200 1210 1220 1221 1213 1215 1237 1255 1255 1231 1216 1211 1211 1208 1225 1254 1233 1215 1214 1238 1219 1217 1222 1221 1224 1246 1234 1235 1224 1209 1205 1197 1191
1227 1209 1236 1244 1228 1227 1250 1268 1271 1272 1290 1274 1293 1260 1298 1251 1262 1245 1224 1205 1205 1179 1180 1176 1174 1181 1180 1178 1175 1175 1181 1181 1179 1175 1180 1189 1188 1183 1200 1200 1176 1186 1170 1172 1169 1158 1169 1167 1196 1193 1182 1185 1210 1226 1235 1236 1235 1246 1271 1261 1214 1215 1221 1211 1195 1202 1240 1250 1218 1210 1228 1227 1214 1227 1242 1231 1246 1250 1234 1214 1216 1210 1185 1190
1211 1201 1203 1208 1207 1228 1267 1277 1285 1267 1277 1267 1306 1277 1285 1261 1261 1224 1210 1206 1200 1185 1187 1183 1178 1171 1174 1179 1175 1175 1179 1181 1181 1178 1176 1185 1184 1190 1197 1199 1198 1190 1166 1159 1167 1173 1161 1171 1195 1203 1194 1177 1198 1210 1226 1226 1222 1235 1231 1231 1229 1223 1215 1222 1197 1199 1212 1247 1243 1207 1227 1226 1225 1219 1221 1247 1256 1233 1224 1223 1215 1206 1180 1180
1211 1211 1202 1210 1217 1230 1252 1271 1261 1255 1280 1277 1284 1281 1283 1235 1232 1206 1209 1202 1195 1183 1185 1181 1185 1180 1179 1172 1178 1175 1190 1180 1180 1176 1174 1185 1192 1195 1209 1192 1192 1181 1169 1165 1166 1161 1157 1150 1193 1212 1226 1192 1198 1211 1231 1226 1229 1238 1228 1225 1219 1208 1210 1232 1221 1203 1255 1265 1224 1226 1235 1238 1232 1221 1223 1234 1219 1240 1241 1220 1214 1194 1190 1183
1225 1212 1217 1211 1214 1242 1262 1269 1274 1273 1268 1277 1293 1275 1273 1216 1215 1204 1200 1187 1186 1188 1180 1176 1179 1181 1180 1170 1189 1195 1200 1183 1184 1181 1182 1186 1186 1204 1201 1206 1187 1181 1179 1173 1172 1170 1158 1142 1176 1192 1207 1202 1194 1214 1221 1217 1225 1246 1239 1229 1217 1217 1237 1241 1256 1234 1255 1253 1239 1215 1222 1260 1233 1233 1238 1242 1238 1234 1240 1235 1206 1204 1187 1182
1261 1220 1212 1199 1208 1229 1265 1251 1264 1271 1267 1272 1280 1268 1250 1220 1207 1195 1192 1192 1182 1185 1182 1177 1172 1172 1170 1165 1199 1206 1190 1192 1193 1188 1187 1190 1189 1191 1190 1205 1189 1181 1175 1170 1173 1173 1170 1152 1181 1184 1186 1181 1193 1205 1206 1213 1206 1242 1252 1242 1224 1246 1252 1244 1246 1241 1252 1251 1248 1207 1226 1243 1226 1219 1222 1230 1229 1234 1236 1225 1206 1192 1186 1178
1238 1207 1213 1203 1225 1224 1235 1249 1251 1260 1269 1273 1271 1255 1252 1220 1206 1198 1195 1198 1195 1197 1186 1188 1181 1178 1171 1163 1178 1185 1185 1177 1210 1212 1195 1198 1195 1183 1178 1168 1173 1172 1169 1174 1179 1169 1165 1168 1162 1191 1191 1192 1196 1195 1213 1211 1220 1235 1249 1253 1247 1246 1249 1236 1251 1248 1249 1245 1252 1224 1244 1248 1220 1218 1224 1222 1225 1229 1241 1222 1208 1188 1190 1194
1226 1232 1233 1229 1243 1237 1262 1249 1248 1247 1251 1253 1275 1261 1252 1216 1207 1206 1201 1197 1192 1201 1198 1191 1184 1179 1186 1182 1188 1182 1176 1174 1186 1188 1188 1193 1182 1179 1171 1167 1183 1195 1173 1178 1184 1188 1167 1167 1156 1160 1169 1164 1188 1208 1220 1216 1224 1233 1246 1261 1256 1251 1238 1246 1260 1255 1247 1248 1247 1242 1213 1225 1233 1215 1225 1220 1211 1217 1224 1207 1204 1205 1197 1202
1243 1247 1245 1238 1235 1249 1271 1273 1262 1246 1238 1238 1254 1247 1234 1213 1211 1215 1206 1209 1200 1193 1207 1206 1198 1197 1193 1180 1175 1178 1181 1180 1182 1171 1172 1186 1194 1183 1171 1171 1177 1176 1161 1157 1168 1186 1187 1191 1169 1168 1174 1171 1182 1211 1228 1232 1232 1236 1259 1263 1265 1253 1236 1222 1245 1252 1218 1259 1245 1241 1224 1224 1246 1230 1220 1213 1203 1206 1208 1213 1208 1213 1195 1195
1234 1238 1235 1235 1250 1263 1281 1276 1267 1264 1257 1245 1252 1213 1205 1212 1211 1207 1209 1197 1194 1201 1193 1196 1185 1177 1178 1204 1182 1170 1166 1171 1179 1181 1192 1190 1190 1190 1192 1177 1172 1162 1146 1150 1158 1170 1190 1183 1164 1161 1160 1162 1168 1212 1244 1243 1244 1255 1264 1274 1251 1258 1258 1237 1249 1259 1228 1252 1264 1257 1255 1215 1243 1246 1229 1211 1209 1215 1211 1213 1216 1196 1191 1198
1243 1234 1234 1236 1253 1272 1282 1269 1269 1276 1286 1243 1260 1221 1212 1216 1213 1207 1200 1193 1199 1193 1190 1184 1169 1169 1191 1193 1203 1200 1192 1186 1182 1181 1182 1182 1179 1180 1186 1182 1167 1157 1144 1152 1157 1162 1183 1185 1175 1165 1166 1170 1166 1207 1251 1248 1249 1262 1273 1284 1244 1282 1271 1263 1277 1257 1244 1239 1248 1274 1259 1218 1234 1244 1231 1218 1212 1224 1214 1202 1207 1202 1194 1201
1258 1259 1243 1247 1253 1274 1254 1264 1273 1265 1282 1256 1215 1216 1203 1216 1224 1212 1207 1188 1190 1189 1182 1179 1175 1175 1187 1200 1214 1228 1198 1191 1182 1179 1177 1175 1172 1167 1178 1167 1167 1160 1151 1160 1162 1166 1180 1181 1172 1171 1174 1181 1185 1199 1236 1254 1261 1256 1260 1271 1250 1237 1231 1244 1228 1231 1249 1269 1247 1262 1248 1215 1235 1244 1231 1228 1219 1229 1227 1220 1214 1214 1203 1199
1248 1262 1239 1252 1239 1253 1263 1263 1249 1278 1273 1238 1222 1200 1211 1216 1221 1207 1196 1193 1190 1181 1186 1185 1181 1174 1180 1189 1186 1185 1178 1186 1194 1191 1181 1184 1173 1172 1186 1186 1174 1158 1152 1153 1159 1168 1178 1176 1173 1169 1176 1193 1192 1197 1218 1254 1261 1246 1245 1250 1264 1216 1237 1237 1200 1218 1207 1237 1245 1258 1239 1219 1225 1252 1233 1231 1223 1223 1222 1216 1217 1210 1199 1187
1250 1246 1239 1231 1217 1213 1239 1254 1253 1255 1258 1226 1194 1188 1199 1200 1206 1206 1198 1201 1186 1188 1186 1193 1191 1186 1180 1181 1164 1158 1163 1180 1190 1186 1177 1185 1182 1179 1189 1186 1173 1160 1157 1161 1173 1179 1188 1183 1180 1171 1183 1200 1209 1215 1203 1227 1263 1247 1240 1234 1246 1225 1244 1204 1220 1219 1219 1226 1261 1269 1265 1228 1211 1249 1233 1242 1226 1215 1221 1217 1217 1210 1215 1214
1240 1244 1234 1233 1229 1215 1242 1253 1262 1252 1244 1214 1198 1184 1192 1207 1201 1202 1198 1199 1190 1183 1179 1173 1185 1190 1177 1167 1163 1166 1172 1171 1181 1183 1178 1177 1174 1168 1170 1162 1176 1167 1173 1180 1185 1191 1179 1172 1170 1174 1187 1193 1198 1208 1195 1215 1241 1245 1223 1229 1253 1203 1219 1216 1200 1221 1190 1228 1249 1255 1245 1224 1262 1240 1246 1220 1215 1214 1207 1213 1208 1208 1224 1230
1253 1238 1243 1246 1248 1229 1226 1239 1233 1240 1231 1212 1209 1202 1199 1200 1195 1191 1182 1175 1171 1174 1171 1173 1172 1180 1181 1166 1168 1171 1175 1168 1173 1186 1184 1182 1168 1172 1177 1169 1165 1164 1170 1187 1197 1181 1172 1169 1167 1163 1167 1174 1178 1188 1197 1214 1251 1252 1227 1235 1245 1192 1181 1195 1169 1171 1147 1184 1230 1233 1254 1221 1280 1256 1240 1208 1221 1211 1210 1211 1213 1215 1201 1212
1231 1221 1240 1260 1256 1237 1235 1225 1220 1227 1223 1211 1210 1212 1208 1205 1205 1200 1180 1165 1172 1172 1167 1165 1158 1175 1186 1178 1168 1156 1149 1168 1179 1187 1185 1181 1167 1171 1169 1155 1154 1164 1168 1178 1199 1199 1173 1170 1173 1164 1156 1156 1157 1170 1191 1206 1206 1240 1231 1234 1240 1184 1179 1167 1170 1164 1168 1166 1224 1237 1238 1224 1257 1277 1268 1230 1218 1215 1205 1210 1225 1209 1208 1212
1248 1235 1241 1240 1255 1249 1246 1231 1231 1230 1224 1210 1212 1223 1206 1200 1195 1193 1186 1173 1174 1171 1156 1172 1163 1155 1156 1153 1149 1146 1147 1161 1184 1184 1174 1175 1168 1167 1171 1170 1182 1175 1180 1182 1201 1203 1193 1194 1171 1171 1165 1159 1160 1171 1175 1193 1176 1190 1211 1213 1222 1145 1158 1161 1160 1158 1164 1165 1227 1236 1237 1262 1272 1211 1233 1250 1233 1226 1237 1232 1221 1222 1228 1219
1257 1250 1244 1229 1257 1241 1221 1227 1237 1241 1222 1201 1211 1224 1198 1201 1188 1175 1181 1171 1177 1156 1146 1175 1168 1170 1160 1148 1152 1162 1162 1163 1179 1190 1176 1166 1161 1170 1181 1181 1171 1178 1174 1175 1190 1198 1201 1199 1191 1183 1175 1176 1166 1156 1152 1172 1156 1164 1203 1216 1225 1191 1154 1151 1158 1153 1152 1157 1231 1249 1250 1246 1250 1240 1220 1233 1243 1249 1248 1235 1232 1231 1211 1209
1266 1239 1246 1248 1269 1265 1254 1217 1221 1223 1209 1201 1207 1196 1200 1191 1175 1160 1156 1123 1134 1160 1164 1171 1167 1175 1169 1155 1143 1146 1166 1170 1174 1168 1167 1173 1171 1173 1174 1174 1169 1166 1173 1174 1161 1165 1159 1164 1182 1184 1192 1182 1173 1165 1160 1175 1166 1180 1213 1228 1244 1233 1188 1156 1158 1159 1153 1172 1238 1247 1233 1236 1260 1245 1212 1226 1251 1257 1256 1244 1236 1231 1218 1208
1261 1232 1232 1239 1248 1254 1255 1228 1225 1214 1201 1201 1210 1207 1208 1191 1172 1132 1119 1132 1139 1148 1169 1173 1161 1177 1170 1152 1146 1140 1150 1167 1174 1172 1163 1166 1177 1176 1177 1165 1163 1165 1170 1171 1173 1175 1165 1159 1173 1177 1181 1176 1168 1171 1159 1164 1167 1173 1180 1216 1237 1241 1180 1151 1159 1174 1175 1191 1240 1238 1229 1231 1251 1252 1238 1217 1234 1264 1274 1258 1244 1246 1226 1221
1256 1231 1224 1228 1235 1251 1246 1238 1239 1235 1202 1200 1200 1197 1208 1186 1136 1126 1157 1126 1160 1199 1167 1153 1150 1173 1177 1160 1151 1170 1167 1164 1167 1173 1170 1181 1177 1172 1191 1202 1192 1176 1175 1177 1187 1174 1158 1160 1166 1169 1178 1172 1165 1184 1187 1180 1176 1180 1187 1205 1226 1254 1210 1158 1154 1164 1162 1195 1253 1239 1225 1229 1237 1256 1274 1234 1239 1260 1250 1268 1259 1251 1239 1235
1261 1242 1219 1222 1242 1247 1276 1266 1250 1228 1213 1206 1213 1194 1194 1187 1129 1169 1166 1168 1206 1178 1163 1162 1118 1183 1186 1149 1168 1173 1174 1168 1166 1168 1168 1166 1168 1177 1193 1205 1179 1176 1172 1183 1185 1175 1177 1180 1179 1180 1167 1165 1169 1184 1214 1201 1202 1203 1210 1216 1216 1202 1197 1157 1143 1156 1150 1174 1226 1242 1234 1223 1218 1242 1264 1270 1261 1271 1233 1267 1283 1265 1250 1245
1264 1243 1219 1218 1231 1247 1248 1244 1226 1219 1216 1215 1210 1189 1178 1172 1171 1186 1189 1197 1180 1176 1197 1200 1167 1134 1177 1155 1129 1166 1173 1180 1177 1172 1166 1169 1185 1174 1180 1192 1180 1184 1176 1186 1190 1189 1189 1184 1187 1186 1168 1166 1170 1176 1200 1193 1203 1218 1214 1228 1217 1178 1177 1119 1149 1141 1154 1153 1189 1250 1242 1218 1213 1231 1259 1271 1266 1295 1274 1228 1259 1248 1253 1237
1286 1270 1252 1250 1244 1244 1237 1230 1215 1223 1214 1209 1214 1210 1201 1186 1174 1185 1184 1188 1174 1168 1194 1188 1192 1141 1138 1160 1145 1161 1181 1167 1175 1177 1173 1169 1182 1171 1176 1184 1182 1195 1193 1186 1198 1203 1186 1181 1190 1187 1174 1181 1177 1178 1188 1193 1200 1211 1201 1202 1198 1184 1197 1142 1146 1135 1155 1137 1147 1230 1246 1223 1211 1243 1267 1259 1267 1273 1245 1213 1231 1236 1223 1219
1269 1265 1259 1273 1259 1248 1246 1231 1216 1215 1211 1203 1207 1212 1191 1181 1180 1190 1196 1198 1173 1156 1187 1175 1164 1108 1131 1167 1175 1189 1200 1179 1162 1160 1159 1168 1178 1182 1192 1189 1187 1205 1205 1200 1206 1217 1193 1179 1182 1177 1177 1183 1183 1199 1196 1215 1213 1196 1186 1193 1199 1188 1215 1213 1152 1110 1153 1147 1145 1235 1248 1238 1241 1242 1240 1244 1247 1264 1276 1238 1266 1230 1234 1226
1278 1284 1289 1311 1300 1246 1245 1232 1215 1218 1209 1198 1203 1207 1199 1182 1179 1153 1181 1207 1205 1179 1176 1161 1160 1145 1153 1166 1182 1187 1207 1197 1175 1164 1161 1165 1181 1196 1205 1197 1185 1209 1209 1215 1214 1214 1197 1189 1176 1179 1178 1181 1189 1208 1206 1219 1222 1208 1190 1182 1193 1188 1193 1209 1197 1123 1116 1185 1178 1179 1246 1245 1258 1240 1236 1243 1242 1251 1241 1246 1258 1255 1226 1232
1288 1312 1299 1282 1279 1276 1247 1228 1211 1215 1212 1199 1200 1212 1198 1188 1184 1175 1196 1197 1193 1204 1178 1159 1167 1172 1171 1172 1183 1177 1198 1206 1190 1179 1169 1172 1186 1200 1206 1193 1173 1186 1202 1214 1211 1206 1196 1184 1177 1174 1165 1164 1166 1196 1182 1204 1213 1214 1217 1198 1200 1199 1193 1210 1205 1118 1149 1165 1168 1175 1238 1217 1227 1255 1244 1249 1237 1251 1250 1278 1247 1252 1258 1246
1299 1316 1304 1297 1274 1247 1240 1226 1226 1217 1204 1196 1190 1201 1196 1190 1196 1178 1216 1210 1217 1214 1186 1173 1177 1160 1173 1174 1169 1173 1174 1183 1171 1165 1157 1163 1183 1192 1202 1189 1176 1180 1198 1215 1214 1216 1187 1190 1179 1166 1164 1166 1186 1190 1195 1178 1183 1185 1208 1204 1199 1221 1209 1208 1207 1125 1103 1109 1140 1192 1275 1233 1228 1223 1236 1227 1229 1231 1240 1239 1285 1297 1280 1274
1294 1309 1297 1306 1262 1230 1222 1227 1225 1219 1206 1194 1185 1179 1182 1185 1191 1190 1215 1238 1234 1231 1177 1167 1175 1173 1170 1167 1164 1169 1168 1163 1160 1160 1165 1173 1221 1198 1188 1192 1178 1190 1204 1222 1222 1217 1199 1198 1202 1188 1176 1179 1192 1194 1194 1210 1182 1188 1188 1188 1213 1220 1215 1201 1208 1179 1104 1127 1140 1183 1256 1243 1234 1242 1235 1235 1216 1216 1234 1225 1244 1302 1288 1283
1264 1284 1258 1276 1246 1209 1204 1204 1199 1213 1203 1188 1180 1173 1191 1187 1204 1215 1226 1235 1233 1233 1178 1160 1165 1170 1175 1174 1169 1169 1171 1175 1173 1175 1171 1164 1194 1199 1182 1194 1167 1184 1197 1225 1236 1214 1203 1210 1226 1220 1219 1232 1203 1186 1173 1194 1189 1184 1192 1207 1216 1237 1224 1210 1204 1180 1115 1159 1174 1218 1255 1236 1238 1245 1236 1238 1216 1218 1234 1239 1217 1249 1269 1307
1250 1261 1260 1274 1245 1211 1194 1185 1185 1214 1209 1197 1201 1187 1191 1186 1194 1201 1217 1222 1217 1226 1204 1164 1167 1166 1182 1192 1188 1183 1165 1181 1157 1162 1166 1162 1172 1203 1201 1190 1171 1182 1189 1207 1200 1203 1206 1216 1213 1206 1211 1213 1208 1208 1204 1203 1204 1196 1215 1215 1236 0 0 1205 1208 1194 1147 1148 1185 1236 1243 1237 1234 1238 1240 1247 1237 1230 1236 1240 1255 1226 1227 1269
1253 1248 1265 1279 1259 1237 1216 1214 1199 1212 1208 1207 1215 1235 1212 1195 1194 1193 1202 1213 1225 1236 1215 1190 1181 1179 1191 1194 1191 1180 1175 1174 1167 1169 1160 1163 1171 1162 1195 1199 1170 1168 1177 1181 1178 1195 1209 1221 1225 1204 1214 1222 1201 1206 1215 1218 1205 1212 1251 1262 0 0 0 1211 1214 1207 1146 1136 1174 1244 1239 1237 1230 1238 1242 1247 1240 1226 1220 1220 1248 1243 1223 1235
1277 1272 1270 1251 1226 1223 1220 1240 1220 1235 1196 1183 1224 1211 1210 1198 1195 1207 1219 1226 1229 1229 1226 1209 1208 1201 1212 1169 1181 1174 1180 1186 1177 1180 1184 1163 1167 1172 1194 1196 1175 1169 1163 1188 1198 1200 1208 1220 1212 1222 1203 1221 1217 1219 1227 0 0 0 0 0 0 0 1256 1235 1222 1209 1131 1127 1156 1239 1249 1238 1226 1232 1238 1240 1259 1234 1227 1231 1248 1205 1230 1223
1276 1279 1264 1238 1212 1203 1215 1224 1227 1230 1205 1191 1203 1203 1201 1205 1201 1200 1197 1190 1193 1187 1185 1201 1226 1211 1192 1202 1203 1206 1216 1218 1199 1199 1194 1184 1175 1196 1208 1202 1204 1175 1174 1204 1211 1205 1199 1214 1214 1211 1229 1228 1227 1238 1271 0 0 0 0 0 0 1267 1253 1234 1223 1201 1134 1121 1141 1232 1238 1231 1226 1221 1234 1236 1261 1243 1239 1231 1248 1223 1245 1239
1257 1265 1252 1252 1220 1210 1218 1214 1212 1210 1213 1197 1197 1186 1185 1179 1202 1208 1197 1196 1170 1175 1199 1205 1190 1192 1190 1184 1179 1201 1206 1208 1204 1207 1207 1211 1211 1184 1212 1211 1208 1211 1205 1216 1214 1208 1203 1198 1196 1205 1224 1258 1259 1237 0 0 0 0 0 0 1281 1253 1238 1229 1236 1214 1176 1155 1157 1223 1228 1231 1233 1232 1234 1231 1241 1245 1231 1231 1235 1244 1241 1249
