"ELEV","GRASS","GREEN","HYDROFLOW","ISOTHERM","LIGHT","MNTEMPWQ","PRECDM","PRECSEAS","ROADDIST","SLOPE","SOILBULK","SOILEXCH","SOILSAND","TEMPANRANGE","TOWNDIST","TREEDENS"
1,-0.227892763129252,-0.515161165127705,-0.0567192002488785,-0.495687150287994,-0.0977438293012595,-0.722948676105212,0.676020536481528,0.138132171180151,0.128035434943846,0.698606303284465,-0.639290394416524,-0.385473317159541,-0.131133124408849,-0.0565010423258102,-0.0454723296821942,0.546044084755944
-0.227892763129252,1,0.490814178070201,0.0327427673545035,0.140342525638327,0.11929878542281,-0.0438521731990594,-0.0265431849932328,0.179798010117455,-0.359591750044469,-0.211596847258364,0.258124625428866,0.183772625559598,-0.410773228271309,-0.451051918700671,-0.399681290063266,-0.311075024067932
-0.515161165127705,0.490814178070201,1,0.00803992897224841,0.215804736463194,-0.0782959874032703,0.189911843307221,-0.556687371093869,0.14303584356582,-0.296018528920937,-0.501526986845472,0.456108412103834,0.529273217376886,-0.240418633184716,0.105662202321914,-0.190764129086573,-0.665717732495548
-0.0567192002488785,0.0327427673545035,0.00803992897224841,1,0.00655964669331504,0.0202384363447863,0.0518231958654878,-0.0239033323379427,-0.0317923631855901,-0.0210722995325354,-0.0356346607575077,0.0600712583229813,0.00369067814512,0.00627556992195006,0.00436264680959427,-0.0252824849081829,-0.0160553395078103
-0.495687150287994,0.140342525638327,0.215804736463194,0.00655964669331504,1,-0.0334147903036841,0.470849422025989,-0.395095505005263,0.109185406256135,0.0529879236419042,-0.351788300864007,0.144948271573965,0.243419567769092,0.110125033021613,-0.149213213628174,0.227357588284265,-0.215313619615158
-0.0977438293012595,0.11929878542281,-0.0782959874032703,0.0202384363447863,-0.0334147903036841,1,0.132371641578245,0.0791235804451419,-0.149469021199404,-0.087407316272415,-0.0520382440289456,0.13982958589447,0.0555918982434713,-0.079706038601311,-0.17755614427442,-0.139523985376594,-0.0490367787991619
-0.722948676105212,-0.0438521731990594,0.189911843307221,0.0518231958654878,0.470849422025989,0.132371641578245,1,-0.427906239803468,-0.596857760633805,0.0326714536662874,-0.497392931715164,0.430190623799089,0.27820374838355,0.214156032595075,0.12233882901362,0.15531042772422,-0.356536303987272
0.676020536481528,-0.0265431849932328,-0.556687371093869,-0.0239033323379427,-0.395095505005263,0.0791235804451419,-0.427906239803468,1,-0.171554867905882,0.00256277106454766,0.63879859814091,-0.461503839972729,-0.540423772840473,-0.298991847375915,-0.506067796041466,-0.244985163171644,0.719181874639927
0.138132171180151,0.179798010117455,0.14303584356582,-0.0317923631855901,0.109185406256135,-0.149469021199404,-0.596857760633805,-0.171554867905882,1,-0.083396502934101,0.0751400246913193,-0.120285690422086,0.00392146476230351,-0.0499201397288119,-0.100751108586963,-0.0255476644895643,0.0429322473486414
0.128035434943846,-0.359591750044469,-0.296018528920937,-0.0210722995325354,0.0529879236419042,-0.087407316272415,0.0326714536662874,0.00256277106454766,-0.083396502934101,1,0.147255606039216,-0.174446192544612,-0.214374937320503,0.353897729771077,0.184387908514124,0.584384878706678,0.154426423779502
0.698606303284465,-0.211596847258364,-0.501526986845472,-0.0356346607575077,-0.351788300864007,-0.0520382440289456,-0.497392931715164,0.63879859814091,0.0751400246913193,0.147255606039216,1,-0.54741349405333,-0.419680535731112,-0.0655310721469987,-0.112817162011756,-0.0480562207307396,0.592175117661285
-0.639290394416524,0.258124625428866,0.456108412103834,0.0600712583229813,0.144948271573965,0.13982958589447,0.430190623799089,-0.461503839972729,-0.120285690422086,-0.174446192544612,-0.54741349405333,1,0.288457967756416,-0.0652634915789861,0.124252243535655,-0.106642239532929,-0.472737709943033
-0.385473317159541,0.183772625559598,0.529273217376886,0.00369067814512,0.243419567769092,0.0555918982434713,0.27820374838355,-0.540423772840473,0.00392146476230351,-0.214374937320503,-0.419680535731112,0.288457967756416,1,-0.403972274958796,0.217158384824358,-0.0920625211003356,-0.579237665575143
-0.131133124408849,-0.410773228271309,-0.240418633184716,0.00627556992195006,0.110125033021613,-0.079706038601311,0.214156032595075,-0.298991847375915,-0.0499201397288119,0.353897729771077,-0.0655310721469987,-0.0652634915789861,-0.403972274958796,1,0.37465806525015,0.4923563047781,-0.0225963209073638
-0.0565010423258102,-0.451051918700671,0.105662202321914,0.00436264680959427,-0.149213213628174,-0.17755614427442,0.12233882901362,-0.506067796041466,-0.100751108586963,0.184387908514124,-0.112817162011756,0.124252243535655,0.217158384824358,0.37465806525015,1,0.315255983779635,-0.36269999857281
-0.0454723296821942,-0.399681290063266,-0.190764129086573,-0.0252824849081829,0.227357588284265,-0.139523985376594,0.15531042772422,-0.244985163171644,-0.0255476644895643,0.584384878706678,-0.0480562207307396,-0.106642239532929,-0.0920625211003356,0.4923563047781,0.315255983779635,1,-0.0197521419182058
0.546044084755944,-0.311075024067932,-0.665717732495548,-0.0160553395078103,-0.215313619615158,-0.0490367787991619,-0.356536303987272,0.719181874639927,0.0429322473486414,0.154426423779502,0.592175117661285,-0.472737709943033,-0.579237665575143,-0.0225963209073638,-0.36269999857281,-0.0197521419182058,1
