data/grids/HYDROFLOW.asc
NCOLS 822 
NROWS 563 
XLLCORNER -58000 
YLLCORNER 5661000 
CELLSIZE 1000 
NODATA_value -9999 
[rows 208 to 259 of 563, columns 288 to 383 of 822]
2 4 473 2 1 804 8 5 2 6 4 2 2 1461 3186 90 2 4 3 8 12 3 1 1 1 2 9393 687 551 15 5 2 2 1 1 867 1 70 86 1169 2 3 1 3 3 4 -9999 -9999 -9999 -9999 -9999 -9999 -9999 -9999 -9999 -9999 -9999 -9999 -9999 -9999 -9999 -9999 -9999 -9999 -9999 -9999 -9999 -9999 -9999 -9999 -9999 -9999 -9999 -9999 -9999 -9999 -9999 -9999 -9999 -9999 -9999 -9999 -9999 32767 3 1 2 2 1331 2 2 2 54 2 27 23
5 1203 4 1 1 868 8 3 1 16 2 4 4 1604 1 103 1 2 1 4 9 5 1 4 3 5520 5 11 1 524 400 4 1 1 2 123 1 2 1 1 4 1 2 2 1 1 -9999 -9999 -9999 -9999 -9999 -9999 -9999 -9999 -9999 -9999 -9999 -9999 -9999 -9999 -9999 -9999 -9999 -9999 -9999 -9999 -9999 -9999 -9999 -9999 -9999 -9999 -9999 -9999 -9999 -9999 -9999 -9999 -9999 -9999 -9999 -9999 -9999 -9999 32767 2 1 4 11879 3 4 3 1 1 2 30
3 1394 1 1 66 2 16 10 2 5 1 2 3122 1 4 1 103 1 2 1 1 9 22 28 6809 1 5 8 2 2 131 2 3 2 121 6 5 1 3 13 2 1 1 1 2 9 55 1 -9999 -9999 -9999 -9999 -9999 -9999 -9999 -9999 -9999 -9999 -9999 -9999 -9999 -9999 -9999 -9999 -9999 -9999 -9999 -9999 -9999 -9999 -9999 -9999 -9999 -9999 -9999 -9999 -9999 -9999 -9999 -9999 -9999 -9999 -9999 -9999 -9999 21120 2 1 3 2 2 401 2 2 31 1
9 1562 2 1 3 70 3 4 2 2 2 1 1 6 1 3 104 4 1 1 14 16 3 8 5883 2 1 4 2 2 5 1292 1183 124 812 2 2 1 5 4 1142 2 4 1 4 6 1 11 34 1 -9999 -9999 -9999 -9999 -9999 -9999 -9999 -9999 -9999 -9999 -9999 -9999 -9999 -9999 -9999 -9999 -9999 -9999 -9999 -9999 -9999 -9999 -9999 -9999 -9999 -9999 -9999 -9999 -9999 -9999 -9999 -9999 -9999 -9999 -9999 32767 9 1 2 2 1 4634 1 12 31 3
4 311 115 1 160 1 3 2 13 2 2 5 6349 6 3 1 94 6 3 5 11 6 1 126 1 2 2 1 1 1 2 3 1 858 532 3 3 1 1 4 18 1465 3 1 1 3 6 6 2 3 24 -9999 -9999 -9999 -9999 -9999 -9999 -9999 -9999 -9999 -9999 -9999 -9999 -9999 -9999 -9999 -9999 -9999 -9999 -9999 -9999 -9999 -9999 -9999 -9999 -9999 -9999 -9999 -9999 -9999 -9999 -9999 -9999 -9999 -9999 -9999 32767 3 1 2 1 9319 6052 1 5264 1
1 279 4 1 90 2 2 1 3 3 5 4881 1 5 3 3 64 15 8 1 1 3 179 10 1 183 4418 2 1 2 2 1 3 944 1 432 4 3 2 5 4 6 32 6 2 1 2 4 2 10 8 3 -9999 -9999 -9999 -9999 -9999 -9999 -9999 -9999 -9999 -9999 -9999 -9999 -9999 -9999 -9999 -9999 -9999 -9999 -9999 -9999 -9999 -9999 -9999 -9999 -9999 -9999 -9999 -9999 -9999 -9999 -9999 -9999 -9999 -9999 -9999 1 7 1 1 3 4 9841 6847 6998
3 2031 2 1 6 515 3 14 8 2 4 4328 1 2 3 3 17 5 1 1 2 2 19 4 53 1 5246 2682 2 1 1 3 5 1016 1 2 7 2 1 4 3 3 307 1895 1272 2 1 3 1 2 3 1 -9999 -9999 -9999 -9999 -9999 -9999 -9999 -9999 -9999 -9999 -9999 -9999 -9999 -9999 -9999 -9999 -9999 -9999 -9999 -9999 -9999 -9999 -9999 -9999 -9999 -9999 -9999 -9999 -9999 -9999 -9999 -9999 -9999 -9999 -9999 32767 2 3 1 1 2 6 6 3
481 18 4 2 1 36 2 1 1 2 7 2 2791 11 4 3 4 1 1 12 15 37 2 2 103 2 2 989 1164 3 2 1 5 1090 3 1 702 1 1 2 2 2 6 2 541 1140 2 1 2 2 8 4 6 16761 1 -9999 -9999 -9999 -9999 -9999 -9999 -9999 -9999 -9999 -9999 -9999 -9999 -9999 -9999 -9999 -9999 -9999 -9999 -9999 -9999 -9999 -9999 -9999 -9999 -9999 -9999 -9999 -9999 -9999 -9999 -9999 -9999 -9999 32767 4 2 1 1 3 3 1
219 1 1 2 3 329 88 3 1 2 1 3 1669 3 2 1 2 5 1 2 3 128 2 1 1 1 2 469 1475 4 3 1 3 3 357 1 23 51 2 1 1 5 3 3 16 3 2 2 1 3 2 12 17 58 1 -9999 32767 2 32767 -9999 -9999 -9999 -9999 -9999 -9999 -9999 -9999 -9999 -9999 -9999 -9999 -9999 -9999 -9999 -9999 -9999 -9999 -9999 -9999 -9999 -9999 -9999 -9999 -9999 -9999 -9999 -9999 -9999 -9999 3 1 4 3 1 2 1
1 15 2 1 4 272 7 19 5 1 2 2714 3 3 5 2 1 1 1 2 1 4 19 28 1 2 10 10277 2 1138 3 1 1 3 496 1 2 348 2 2 1 3 1 14 3 5 979 2 1 1 4 4 8 140 387 -9999 3 1 32767 -9999 -9999 32767 -9999 -9999 -9999 -9999 -9999 -9999 -9999 -9999 -9999 -9999 -9999 -9999 -9999 -9999 -9999 -9999 1 1 1 1 1 5595 -9999 -9999 -9999 -9999 32767 112 1073 105 8 2 3 6
1 32 7 1 2 216 1 19 5 3 4 2191 1 1 5 3 2 2 2 4 15 54 23 1 9 3 2 9503 1 404 308 3 1 4 560 3 1 2 330 3 4 2 5 3 1 1 95 4 2 1 2 2 5 403 1 -9999 1 5 10 -9999 2 2 -9999 -9999 -9999 -9999 -9999 -9999 -9999 -9999 -9999 -9999 -9999 -9999 -9999 -9999 32767 1 3 9 1 32767 1 2 -9999 -9999 -9999 1 39 2 2 4 742 362 145 11
10 11 4 1 2 192 1 4 2 1 2 1464 107 8 6 3 1 10 2 31 22 4 4 3 17 1 4 5 752 1 1376 3 1 2 5 516 2 1 27 111 13 2 1 2 1 1472 3 112 3 2 1 2 2 187 6 23 8 1 2 10 562 32767 -9999 -9999 -9999 -9999 -9999 -9999 -9999 -9999 -9999 -9999 -9999 -9999 -9999 -9999 1 32767 32767 32767 32767 1 32767 2 1 2 1 1 15 6 2 2 2 7 323 378
1 3 2 2 35 106 1 11 2 1 2 16 3533 1350 1 3 3 1 8 1 2 1 2 14 3 2 1 1 5325 1 1244 2 1 2 3 28 862 2 1 184 2 1 1 1 107 1 2 8 57 4 2 1 2 1 6 13 2 3 12 65 50 4 -9999 -9999 1 -9999 -9999 -9999 -9999 -9999 -9999 -9999 -9999 -9999 -9999 -9999 29068 1 1 1 7 1 2 32767 1 6 1 3 4 6 7 1 3 3 15 1
1 2 3 27 1 66 2 2 1 2 11 7 2 1151 78 846 5 2 2 3 1 1 1 3 26 3 1 1 3761 1 457 10 6 1 3 1 689 2 3 236 3 4 2 2 861 8 5 1 5 27 9 1 3 18 1 6 3 2 19 1 478 2 1 3 32767 -9999 -9999 -9999 -9999 -9999 -9999 -9999 -9999 -9999 -9999 1 32767 1 2 36 6 1 6 13 19241 11 32767 1 1 1 1 1 1 1 12 1
2 2 2 10 2 7 142 2 1 11 2 1 8 1 5190 1 499 89 1 17 6 4 8 14 19 1 2 6 2614 1 1 3 1 1 1 2 639 2 1 2 157 11 6 3 781 4 7 1 2 7 5 2 92 1 2 4 5 4 10 2 425 1 3 12 24249 -9999 32767 -9999 -9999 -9999 -9999 -9999 -9999 1 1 18 12 31 10 7 4 1 4 43 19822 32767 2 32767 1 14220 2 1 1 2 1 2
2 1 7 6 1 2 286 2 1 2 1 2 2 2 4573 1 1 1031 10 1 7 5 4 4 12 2 1 1490 2 1 5 4 2 2 1 4 538 4 2 2 106 1 2 1 1 804 4 2 2 3 8 1 85 150 1 2 2 6 1 1 3 1 2 7 5 7 2 -9999 -9999 -9999 -9999 32767 -9999 1 3 11 28 9 4 2 9 1 2 27 3 1 1 4918 32767 1469 1399 5 1 7 1 2
134 2 2 3 1 2 102 125 1 2 1 2 2 3 734 1 2 197 4 7 6 3 2 4 3 4 6949 5195 3 1 1 366 7 1 2 1 548 2 1 2 31 87 6 3 1 1142 2 1 1 3 2 2 65 1 83 3 1 2 1 1 22 509 1 4 1 2 8423 2 1 1079 42 6 20 16 5 13 14 6 4 2 5 4 2 6 1 1 2 402 1 1 32767 1 6 10 2 1
793 13 3 5 1 3 112 1 22 9 1 1 4 1383 3 1 126 2 2 2 5 1 1 2 3 5 2559 7 2 1 2 3 3 1 1 358 270 5 3 5 3 43 6 3 1 715 4 71 36 9 4 1 208 1 1 6 1 2 1 6 5 678 1 2 6 9 7113 5 1 4 5409 19 1 3 3 6 3 7 3 2 1 1 7 3 4 4 107 6 3 2 3 32767 20 1 2 2
905 2 6 4 1 6 15 2 1 1 110 1 6 1795 1 1 34 5 3 1 3 2 2 6 8 69 2 1 2 2 200 6 2 1 6 96 7 3 4 3 1 3 358 6 2 197 843 181 1 23 5 4 2 1 2 5 1 5 2 2 1 1 7 1 2 8 5 11815 3 2 3 3192 2 1 1 1 1 6 2 1 2 2 1 4 1 5 17 3 2 2 6 32767 32767 32767 4352 3
659 2 1 1 1 3 15 15 6 2 44 2 4 14 1123 1 3 6 3 1 1 2 2 11 16 19 3 2 1 4 385 1 2 1 3 4 2 49 2 2 1 75 1 251 3 1 320 710 1 2 15 2 1 101 1 24 1 2 1 2 2 579 2 1 3 2 2 10803 1 2 4 1420 3843 1 2 2 1 1 3 7 8 1 1 1 2 238 7 1 2 1 5 8 314 1 12765 32767
546 4 3 1 2 8 17 2 7 1 58 1 2 2 2585 1 1006 3 1 1 4 9 1 2 2 3 2 7 1 3 2 994 2 1 34 2 1 2 17 2 7 2 2 3 128 5 1 226 402 5 9 1 1 88 44 10 3 1 2 3 42 64 2 1 1 1 2 17003 1 1 1 2 2 6 8 9293 3 2 2 10 2 6 6 2 82 2 1 7 2 2 2 3 292 1 2 32
4 888 5 1 3 20 8 34 2 1 17 10 1 3 2557 1 1 69 1 5 14 3 1 2 4 2 1957 2 1 1 2 1 1 1 7 84 5 2 5 7 2 31 1 5 124 4 3 270 1 291 5 1 127 1 5 14 2 2 5 299 248 2 1 1 3 1 1902 416 84 5 2 1 1 3 7 12 5547 3 75 73 46 8 2 6 1 289 1 1 7 1 1 4 2 1 2 5
3 4 3 1 2 4 5 46 1 54 1 4 3 2 2681 1 2 624 4 25 2 1 1 3 1 7017 2 2 1 38 100 409 1 1 4 289 3 2 3 1 1 51 1 6 11 1 1 393 1 373 1 1 6 1 1 9 2 2 17 253 2 1 2 3 8 264 5 6672 2 31 38 3 1 2 8 3 8 4712 2 2 2 16 27 1 60 1 29 19 1 5 5 1 1 536 8 2
2 7 325 4 1 2 1 32 1 63 3 1 22 3039 1 1 2 2 74 4 1 1 4 3 9 3870 7 1 73 1 60 831 3 1 2 231 3 3 1 1 4 10 1 3 8 156 2 380 1 754 4 6 3 2 3 3 1 2 3 150 3 1 2 1 1 3 2 9761 1 3 24 6 1 3 4 1 1 3869 3 1 1 10 2 6 1 1 22 1 34 3 6 2 3 297 9 1
3 3 255 1 3 1 4 19 1 6 1 13 2 1 6 2 2 5 111 3 2 2 11 19 1 5418 2 12 2 22 22 4 3 1 1 2 497 40 33 4 1 5 4 1 1 21 1 252 2 603 1 1 2 56 1 1 3 4 1 110 3 1 5 157 4 2 2 2 2 1 26 8 1 2 3 3 1 9312 1 2 2 1 1 2 1 12 10 2 175 1 1 5 4 7 1 2
1 3 46 846 3 2 3 8 1 34 1 1 5 2253 4 3 2 4 672 19 15 2 13 22 27 3 6 52 2 127 2 4 509 4 2 2 2 1 1 19 18 1 2 4 7 23 2 93 2 221 10 4 2 36 6 1 2 1 2 5 131 1 2 30 3 2 2 3 10121 1 2 42 9 1 3 20 2 5873 4548 393 3 9 5 1 7 4 10 8 2 87 16 1 1 1 152 1
1 2 4 2 583 2 1 7 1 2 8 1 3 1 4 1 1 6 679 2 1 1 3 2 2411 3 2 2 1 152 1 2 18 601 1 1 1 7 3 2 2 17 2 2 46 14 1 513 4 1 1045 3 3 52 2 1 4 3 24 5 329 2 3 39 4 3 1 5 7 5 1 47 5 2 1 8 2 6238 2 1632 14 2 1 1 1 8 7 4 2 17 123 3 4 14 1 261
15 1 1 4 645 2 2 1 1 6 1 1 72 376 38 1 1 2 578 9 1 2 1 5 6481 2 1 2 1 254 2 1 2 8 532 1 2 119 2 1 7 1 1 2 12 4 3 453 1 4 1115 19 1 36 3 2 8 43 1 50 163 2 2 40 3 1 4 6915 3 1 1 4 2 1 18 2 4 2636 1 2 4650 3 2 3 1 1 3 3 1 15 6 3 2 2 125 1
18 1 1 25 139 400 9 4 1 1 1 96 5 6 598 3 1 5 504 2 18 3 2 29 12 5 2 22 1 11 94 1 2 4 3 270 1 327 1 25 3 2 3 14 2 1 1 9 1 3 2 696 2 1 2 4 1 13 3 7 1 2 1 44 3 1 2 13111 3 4 1 3 15 2 2 2 5 7048 1 3 1517 2 4 3 2 5 3 2 1 4 1 57 1 1 76 1
3 11 17 3 2 476 3 1 1 6 1 19 2 1 3 5 1 2 424 5 1 1 24 2 7 5 3 40 1 6 110 1 2 6 2 681 1 2 110 2 11 11 1 10 3 2 7 16 161 1 3 10 356 8 7 1 6 3 56 188 59 2 5 2 1 2 1893 11569 6 3 2 14 2 2 1 1 14 2 2 1 709 1963 283 121 13 2 1 3 3 5 29 2 32 1 54 1
3 2 10 3 2 609 6 1 5 31 42 25 1 3 1673 2 1 3 465 4 1 13 1 3 2 326 2 3 3 2 82 28 1 4 2 617 2 5 75 3 2 2 3 25 5 2 17 10 115 263 5 2 1 3 2 2 11 10 166 1 4 2 68 1 1 6 10198 12 3 4 4 3 1 2 20 37 8 2 3 1 7 2 1 4519 5 2 2 3 1 4 13 6 12 1 24 117
3 1 4 6 10 264 1 1 4 2 32 5 16 63 2 1 2 58 247 3 2 2 1 1 5 1842 2 6 5 1 36 2 6 2 2 539 3 1 3 189 15 3 2 6 2 2 58 20 17 128 4 15 305 1 1 2 2 6 170 1 3 1 16 1 992 10764 5 3 8 4 2 1 2 9 4 3 2 12 1 1 2 1 6 1784 8 6 9 2 1 1 4 21 5 4 20 103
2 6 2 1 6 313 7 2 2 12 2 7 1 1 1 1 55 5 190 7 1 6 2 2 2 6008 9 2 2 6 2 3 2 1 3 269 2 1 2 6 290 2 2 1 2 3 1 1 15 288 3 10 2 35 12 1 3 2 139 1 3 24 1 3859 8483 3 6 2 3 1 1 2 1 3 13 176 192 2 3742 5 2 1 2 2064 3 4 3 1 3 3 1 7 2 3 18 29
1 2 1 6 5 359 9 2 1 5 5 2 6 3700 1 41 1 14 466 3 9 2 1 8 4388 533 3 6 2 15 1 9 9 1 8 310 2 4 5 27 1 157 3 1 3 1 11 6 1 272 2 9 3 1 573 25 1 9 1 1 8 13 1 10882 1 7 2 2 1 1 1 14 1 3 1 4 1 2 4129 4 3 2 70 14 3201 3406 5 7 2 7 2 2 9 1 4 20
17 2 1 2 3 8 4 6 2 10 1 1 410 41 14 1 1 317 1 11 5 1 4 2 5079 2 2 5 1 13 9 2 7 1 3 261 180 4 1 48 1 70 2 3 1 20 1 10 1 47 8 3 2 24 2 18 2 1 75 2 3 1 1 1010 992 1 3 1 1 65 98 44 1 1 3 1 2 2 4507 7 3 38 1 4 2 1 1374 2 13 1 3 1 1 2 2 1
12 1 4 1 3 184 6 2 1 8 1 1 118 1 9 1 1 261 2 27 2 2 2 13 71 1147 2 1 1 3 5 9 2 1 11 4 297 2 1 3 15 8 74 16 2 1 15 2 1 166 8 2 45 39 2 5 1 2 34 2 2 2 4 4003 30 20 3 3 48 1 1 2 4 122 127 1 1 158 1273 4 1 5 4 1 1 12 309 245 2 5 6 20 8 2 2 1
2 2 3 10 291 2 4 2 1 1 2 8 1 2 3 1 4 5 3 1 1 1 2 24 3973 1746 2 2 2 1 11 1 12 1 8 2 25 2 2 1 5 6 1 81 6 2 19 2 87 1 3 1 30 3 466 2 2 2 35 1 1 5 9334 1 2 4 13 3 23 1 20 29 30 14 2 104 84 25 4482 1 1 2 77 2 2 2 853 451 58 34 20 2 4 2 3 1
2 1 71 1 293 8 5 1 2 3 2 76 48 4 1 2 288 2 1 8 1 25 65 3 3873 2 1147 1445 4 1 2 2 9 1 12 2 3 331 4 4 9 1 6 116 2 2 22 2 110 1 1 4 13 6 637 36 7 2 5 57 1 5 11 5382 3 2 11 2 2 6 2 1 52 2 1 4 34 1 986 11 5 1 58 2 1 3 965 1 1238 3 2 3 1 3 2 2
3 48 1 9 310 8 1 1 3 21 48 1 269 2 1 3 234 2 1 5 15 20 1 3 3550 1 3 1 1219 6 1 2 4 1 7 1 2 1 377 12 1 1 3 2 2 1 18 4 2 3 22 18 2 3 19 63 7 1 2 40 1 5 4 351 4 2 7 18 2 18 1 99 1 4 17 3 9 1 608 6 2 3 30 3 3 16 1010 1 2 1163 5 1 2 3 4 5
4 45 1 2 274 4 3 1 14 6 209 182 1 2 2 2 287 2 1 3 1 5 1 26 1 1154 1 2 735 4 2 1 2 12 4 1 3 213 6 1 11 2 1 1 181 1 12 3 1 89 19 1 2 7 132 1 22 1 2 34 1 3 4 3 3 2 3 11 4 2 2 103 1 2 9 1 1 3 6022 3 2 2 17 1 11 3 846 2 2 1266 1 2 17 378 1721 169
1 16 1 4 281 3 2 4 3 3 1 2 2 1195 3 2 160 2 2 3 1 2 23 1 2 933 2 1 2 4723 1 19 1 2 1 1 4 3 2 2 11 1 3 8 23 4 9 1 5 85 1 16 2 4 348 3 1 29 1 6 6 2 6 5 7155 4 1 12 2 1 13 5 1 27 15 37 52 57 6107 21 17 3 2 3 2 3 3 2 1 2 302 1961 746 5 4 616
7 23 1 4 157 5 1 14 2 2 6 1 3 971 2 2 273 3 1 1 7 1 2 2 4 2404 7 2 2 8 1938 36 10 9 1 3 7 247 2 2 3 20 1 2 11 4 8 11 1 68 1 17 1 3 1 153 5 1 17 6 4 4 11 1 9783 4 1 6 1 27 37 7 5 2 2 5 3 2 5592 2 1 3 1 10 1 2 19 1702 2 1 22 2 4 4 2 6
1 24 1 3 115 2 2 3 1 4 4 1 2 2439 2 1 5 197 3 2 1 4 2 1 1 845 6 1 3 5 1517 1 1 1 6 1 2 33 16 5 1 1 6 1 18 6 1 7 3 54 1 18 1 8 253 123 1 2 13 3 1 2 4 1 10999 2 1 4 37 7 2 5 5 1 4 1 2 3 1339 139 1 1 1 3 2 5 2 3 1647 2 2 3 2 2 1 5
1 9 1 8 3 1 1 3 5 26 3 1 3 1973 3 1 2 6 168 1 1 5 2 1 141 7 5 1 3 4 2070 3 3 1 2 3 2 2 25 1 3 1 1 1 93 4 5 1 8 93 2 18 3 3 121 70 6 2 4 1 2 1 4 3 12225 1 1 2 3 9 1 3 7 1 2 15 13 727 44 2 188 3 10 4 2 11 1 2 10 1 2 1 2 2 2 2
1 2 3 2 253 4 1 3 16 107 121 1 3 2004 2 1 2 1 16 3 1 2 21 9 1203 1 1 2 1 2 8 2816 2 3 1 1 1 2 3 240 48 6 2 1 56 2 1 1 8 42 1 19 2 2 8 9 138 1 2 1 2 1 1 2 13371 67 47 2 19 9 1 1 2 3 9 2 4 112 1196 1 1 97 2 1 2 3 2 8 6 1061 66 51 25 63 27 1
13 6 1 1 27 4 1 3 1 2 1 2 2 3184 3 1 2 2 212 3 2 10 11 2 8 1812 5 1 5 13 6 3804 1264 1 8 4 2 1 2 1 94 4 2 2 1 70 2 1 2 1 18 2 1 2 1 4 4 61 1 2 1 1 2 6545 4 3 73 1 3 1 3 1 2 2 1 3 1 4 2552 6 2 1 67 1 1 1 1 4 2 30 339 1 1 1 1 6
1 7 3 9 146 3 1 4 1 3 244 1 2 611 3 3 4 19 39 2 2 4 3 17 24 1591 3 2 4 2 8 3 1 4142 3850 989 5 1 1 1 2 86 119 6 1 1 21 2 1 5 9 6 5 2 48 2 2 56 4 1 2 2 3 9487 4 1 10 64 2 2 2 1 2 11 8 4 7 10 3 3 1 3 19 7 5 1 2 3 5 5 8 106 6 4 1 12
1 2 3 5 28 2 1 2 3 16 14 1 259 7 2 1 6 2 207 3 1 1 2 21 8 2635 6 4 1 4 4 2 4 5 51 2 2361 2 3 1 1 2 34 5 1 1 1 35 2 1 2 1 1 7 175 2 1 32 3 1 6 3591 2589 7 6 1 8 10 7 1 1 2 3 4 2 2 1 1 2 4275 2 1 31 3 2 4 1 1 1 2 5 419 7 3 1 8
2 6 1 94 9 2 3 2 2 8 1 1 504 4 1 3 1 2 107 4 1 1 4 3 3 3 2190 3 2 1 3 3 2 8 11 2 1 2706 8 1 1 1 30 4 7 1 1 23 2 2 11 1 8 2 73 2 40 4 2 1 1 18081 1 12 3 1 2 7 1 5 1 4 3 7 6 4 3 1 2 4593 3 1 1 96 13 72 17 4 6 1 1 3 816 2 1 1
4 1 3 129 4 2 1 2 58 26 1 1246 1 3 1 1 3 2 63 11 1 1 14 2 1 3 2463 8 3 2 3 3 2 3 13 1 23 13 1871 3262 19 3 1 4 19 2 1 2 2 9 4 1 2 1 189 1 17 1 2 1 467 579 7 7 2 1 1 8 3 1 3 2 6 2 10 58 4 1 5 2 264 4 1 1 1 2 1 19 10 7 1 2 1 652 5 1
3 1 11 39 3 1 2 3 180 1 1660 35 2 8 2 3 16 34 10 3 3 3 1 1 9 37 1849 6 3 7 10 5 1 14 5 1 266 1 76 2 907 2149 1 1 22 3 3 1 3 7 1 1 1 37 15 4 1 4 3 11 14776 1 1 2 8 6 2 4 1 1 6 17 3 7 11 2302 205 2 1764 1 2 177 1 2 2 2 1 1 1 1 1 1 3 804 2 2
1 5 85 5 3 1 4 58 3 2444 2 6 2 4 1 3 40 1 3 1 6 5 16 11 1 2 1890 31 23 14 8 1 2 3 2 2 16 19 1 2 2 762 6 1 2 21 18 2 17 2 2 1 10 1 139 9 3 1 8 3 1813 3121 3 2 4 1 1 1 1 7 15 1 18 1 747 1 2 256 2059 2 1 185 3 3 4 2 3 4 2 2 1 1 3 733 1 3
