data/grids/HYDROFLOW.asc
NCOLS 822 
NROWS 563 
XLLCORNER -58000 
YLLCORNER 5661000 
CELLSIZE 1000 
NODATA_value -9999 
[rows 0 to 51 of 563, columns 0 to 95 of 822]
-9999.000000000000000 -9999 -9999 -9999 -9999 -9999 -9999 -9999 -9999 -9999 -9999 -9999 -9999 -9999 -9999 -9999 -9999 -9999 -9999 -9999 -9999 -9999 -9999 -9999 -9999 -9999 -9999 -9999 -9999 -9999 -9999 -9999 -9999 -9999 -9999 -9999 -9999 -9999 -9999 -9999 -9999 -9999 -9999 -9999 -9999 -9999 -9999 -9999 -9999 -9999 -9999 -9999 -9999 -9999 -9999 -9999 -9999 -9999 -9999 -9999 -9999 -9999 -9999 -9999 -9999 -9999 -9999 -9999 -9999 -9999 -9999 -9999 -9999 -9999 -9999 -9999 -9999 -9999 -9999 -9999 -9999 -9999 -9999 -9999 -9999 -9999 -9999 -9999 -9999 -9999 -9999 -9999 -9999 -9999 -9999 -9999
-9999 -9999 -9999 -9999 -9999 -9999 -9999 -9999 -9999 -9999 -9999 -9999 -9999 -9999 -9999 -9999 -9999 -9999 -9999 -9999 -9999 -9999 -9999 -9999 -9999 -9999 -9999 -9999 -9999 -9999 -9999 -9999 -9999 -9999 -9999 -9999 -9999 -9999 -9999 -9999 -9999 -9999 -9999 -9999 -9999 -9999 -9999 -9999 -9999 -9999 -9999 -9999 -9999 -9999 -9999 -9999 -9999 -9999 -9999 -9999 -9999 -9999 -9999 -9999 -9999 -9999 -9999 -9999 -9999 -9999 -9999 -9999 -9999 -9999 -9999 -9999 -9999 -9999 -9999 -9999 -9999 -9999 -9999 -9999 -9999 -9999 -9999 -9999 -9999 -9999 -9999 -9999 -9999 -9999 -9999 -9999
2 4 -9999 -9999 -9999 -9999 -9999 -9999 -9999 -9999 -9999 -9999 -9999 -9999 -9999 -9999 -9999 -9999 -9999 -9999 -9999 -9999 -9999 -9999 -9999 -9999 -9999 -9999 -9999 -9999 -9999 -9999 -9999 -9999 -9999 -9999 -9999 -9999 -9999 -9999 -9999 -9999 -9999 -9999 -9999 -9999 -9999 -9999 -9999 -9999 -9999 -9999 -9999 -9999 -9999 -9999 -9999 -9999 -9999 -9999 -9999 -9999 -9999 -9999 -9999 -9999 -9999 -9999 -9999 -9999 -9999 -9999 -9999 -9999 -9999 -9999 -9999 -9999 -9999 -9999 -9999 -9999 -9999 -9999 -9999 -9999 -9999 -9999 -9999 -9999 -9999 -9999 -9999 -9999 -9999 -9999
2 -9999 -9999 -9999 -9999 -9999 -9999 -9999 -9999 -9999 -9999 -9999 -9999 -9999 -9999 -9999 -9999 -9999 -9999 -9999 -9999 -9999 -9999 -9999 -9999 -9999 -9999 -9999 -9999 -9999 -9999 -9999 -9999 -9999 -9999 -9999 -9999 -9999 -9999 -9999 -9999 -9999 -9999 -9999 -9999 -9999 -9999 -9999 -9999 -9999 -9999 -9999 -9999 -9999 -9999 -9999 -9999 -9999 -9999 -9999 -9999 -9999 -9999 -9999 -9999 -9999 -9999 -9999 -9999 -9999 -9999 -9999 -9999 -9999 -9999 -9999 -9999 -9999 -9999 -9999 -9999 -9999 -9999 -9999 -9999 -9999 -9999 -9999 -9999 -9999 -9999 -9999 -9999 -9999 -9999 -9999
4 7 -9999 -9999 -9999 -9999 -9999 -9999 -9999 -9999 -9999 -9999 -9999 -9999 -9999 -9999 -9999 -9999 -9999 -9999 -9999 -9999 -9999 -9999 -9999 -9999 -9999 -9999 -9999 -9999 -9999 -9999 -9999 -9999 -9999 -9999 -9999 -9999 -9999 -9999 -9999 -9999 -9999 -9999 -9999 -9999 -9999 -9999 -9999 -9999 -9999 -9999 -9999 -9999 -9999 -9999 -9999 -9999 -9999 -9999 -9999 -9999 -9999 -9999 -9999 -9999 -9999 -9999 -9999 -9999 -9999 -9999 -9999 -9999 -9999 -9999 -9999 -9999 -9999 -9999 -9999 -9999 -9999 -9999 -9999 -9999 -9999 -9999 -9999 -9999 -9999 -9999 -9999 -9999 -9999 -9999
1 2 -9999 1 -9999 -9999 -9999 -9999 -9999 -9999 -9999 -9999 -9999 -9999 -9999 -9999 -9999 -9999 -9999 -9999 -9999 -9999 -9999 -9999 -9999 -9999 -9999 -9999 -9999 -9999 -9999 -9999 -9999 -9999 -9999 -9999 -9999 -9999 -9999 -9999 -9999 -9999 -9999 -9999 -9999 -9999 -9999 -9999 -9999 -9999 -9999 -9999 -9999 -9999 -9999 -9999 -9999 -9999 -9999 -9999 -9999 -9999 -9999 -9999 -9999 -9999 -9999 -9999 -9999 -9999 -9999 -9999 -9999 -9999 -9999 -9999 -9999 -9999 -9999 -9999 -9999 -9999 -9999 -9999 -9999 -9999 -9999 -9999 -9999 -9999 -9999 -9999 -9999 -9999 -9999 -9999
249 1 1 339 -9999 -9999 -9999 32767 -9999 -9999 -9999 -9999 -9999 -9999 -9999 -9999 -9999 -9999 -9999 -9999 -9999 -9999 -9999 -9999 -9999 -9999 -9999 -9999 -9999 -9999 -9999 -9999 -9999 -9999 -9999 -9999 -9999 -9999 -9999 -9999 -9999 -9999 -9999 -9999 -9999 -9999 -9999 -9999 -9999 -9999 -9999 -9999 -9999 -9999 -9999 -9999 -9999 -9999 -9999 -9999 -9999 -9999 -9999 -9999 -9999 -9999 -9999 -9999 -9999 -9999 -9999 -9999 -9999 -9999 -9999 -9999 -9999 -9999 -9999 -9999 -9999 -9999 -9999 -9999 -9999 -9999 -9999 -9999 -9999 -9999 -9999 -9999 -9999 -9999 -9999 -9999
1 2 102 7 17 -9999 -9999 32767 -9999 -9999 -9999 -9999 -9999 -9999 -9999 -9999 -9999 -9999 -9999 -9999 -9999 -9999 -9999 -9999 -9999 -9999 -9999 -9999 -9999 -9999 -9999 -9999 -9999 -9999 -9999 -9999 -9999 -9999 -9999 -9999 -9999 -9999 -9999 -9999 -9999 -9999 -9999 -9999 -9999 -9999 -9999 -9999 -9999 -9999 -9999 -9999 -9999 -9999 -9999 -9999 -9999 -9999 -9999 -9999 -9999 -9999 -9999 -9999 -9999 -9999 -9999 -9999 -9999 -9999 -9999 -9999 -9999 -9999 -9999 -9999 -9999 -9999 -9999 -9999 -9999 -9999 -9999 -9999 -9999 -9999 -9999 -9999 -9999 -9999 -9999 -9999
1 1 5 3 23 2 2 1402 -9999 1 -9999 -9999 2 1 -9999 -9999 1 7 -9999 -9999 -9999 -9999 -9999 1 32767 -9999 32767 -9999 -9999 -9999 -9999 -9999 -9999 -9999 -9999 -9999 -9999 -9999 -9999 -9999 -9999 -9999 -9999 -9999 -9999 -9999 -9999 -9999 -9999 -9999 -9999 -9999 -9999 -9999 -9999 -9999 -9999 -9999 -9999 -9999 -9999 -9999 -9999 -9999 -9999 -9999 -9999 -9999 -9999 -9999 -9999 -9999 -9999 -9999 -9999 -9999 -9999 -9999 -9999 -9999 -9999 -9999 -9999 -9999 -9999 -9999 -9999 -9999 -9999 -9999 -9999 -9999 -9999 -9999 -9999 -9999
-9999 1 2 2 11 1 1779 2 4 4 2 4 -9999 17 7 2 7 1 -9999 -9999 -9999 -9999 2 2 1 19 7 -9999 -9999 -9999 -9999 -9999 -9999 -9999 -9999 -9999 -9999 -9999 -9999 -9999 -9999 -9999 -9999 -9999 -9999 -9999 -9999 -9999 -9999 -9999 -9999 -9999 -9999 -9999 -9999 -9999 -9999 -9999 -9999 -9999 -9999 -9999 -9999 -9999 -9999 -9999 -9999 -9999 -9999 -9999 -9999 32767 -9999 -9999 14873 -9999 -9999 -9999 -9999 -9999 -9999 -9999 -9999 -9999 -9999 -9999 -9999 -9999 -9999 -9999 -9999 -9999 -9999 -9999 -9999 -9999
-9999 2 1 12 5 10 2 1 2 1 1 1 11 2 3 3 3 1 -9999 -9999 -9999 -9999 1 5 1 7 -9999 2 32767 -9999 -9999 -9999 -9999 -9999 -9999 -9999 -9999 -9999 -9999 -9999 -9999 -9999 -9999 -9999 -9999 -9999 -9999 -9999 -9999 -9999 -9999 -9999 -9999 -9999 -9999 -9999 -9999 -9999 -9999 -9999 -9999 -9999 -9999 -9999 -9999 -9999 32767 1 1 1 -9999 -9999 7 1 -9999 1 -9999 -9999 -9999 -9999 -9999 -9999 -9999 -9999 -9999 -9999 -9999 1 -9999 -9999 -9999 -9999 -9999 -9999 1 32767
-9999 2 8 2 2 11 1377 902 1187 1467 414 1 1 1 2 2 1 1 1 1 2 -9999 1 7 1 2 3 14 12 -9999 -9999 -9999 -9999 -9999 -9999 -9999 -9999 -9999 -9999 -9999 -9999 -9999 -9999 -9999 -9999 -9999 -9999 -9999 -9999 -9999 -9999 -9999 -9999 -9999 -9999 -9999 -9999 -9999 -9999 -9999 -9999 -9999 -9999 -9999 -9999 3 1 4 2 5 -9999 2 1 3 2 2 5 1 32767 -9999 -9999 -9999 -9999 -9999 -9999 -9999 32767 7 3 4 -9999 32767 -9999 -9999 2 165
-9999 1 1 2 1 1 85 4 5 1 927 93 1507 3 2 1 2 5 3 1 1 2 1 65 28 1 2 6 10 172 32767 -9999 -9999 -9999 -9999 -9999 -9999 -9999 -9999 -9999 -9999 -9999 -9999 -9999 -9999 -9999 -9999 -9999 -9999 -9999 -9999 -9999 -9999 -9999 -9999 -9999 -9999 -9999 -9999 -9999 -9999 -9999 -9999 1 1 2 10 5 1 1 1860 119 1 2 1 2 4 5 3 6 1 -9999 -9999 -9999 32767 -9999 14 1 1 3 -9999 14 1 -9999 2 2
-9999 2 2 25 45 85 4 4 3 3 20 4 1 1669 1 2 2 1 9 144 68 98 76 5 2 21 1 3 2 2 2 1 3 32767 -9999 -9999 32767 1 -9999 -9999 -9999 -9999 -9999 -9999 -9999 -9999 -9999 -9999 -9999 -9999 -9999 -9999 -9999 -9999 -9999 -9999 -9999 -9999 -9999 -9999 -9999 -9999 -9999 1 24 13 4 1688 1897 1790 1 1 2 1 3 1 1 1 1 1 2 1 2 3 4 1 19 5 14 1 2 5 1 103 9 2
-9999 8 61 1 2 6 3 3 20 9 18 3 2 70 520 270 53 33 206 2 3 2 5 42 2 2 5 1 12 15 145 3 1 -9999 -9999 -9999 1 2 -9999 1 -9999 -9999 -9999 -9999 -9999 -9999 -9999 -9999 -9999 -9999 -9999 -9999 -9999 -9999 -9999 -9999 -9999 -9999 -9999 -9999 -9999 -9999 -9999 23 3 1 651 1 8 1 4 977 92 2 208 95 18 728 120 560 1 2 1 1 1 4 1 7 4 1 2 1 4 114 1 8
-9999 9 2 1 3 1 1 4 10 4 1 1 1 2 898 1 1 1 2 2 1 1 1 36 2 1 4 7 3 3 32 1 9 38 -9999 3 80 1 3 1 1 1 -9999 -9999 -9999 -9999 -9999 -9999 -9999 -9999 -9999 -9999 -9999 -9999 -9999 -9999 -9999 -9999 -9999 -9999 -9999 -9999 1 14 3 1 1557 3 2 3 5 9 400 676 4 2 5 3 191 1 334 273 2 39 115 45 77 5 2 3 1 4 105 3 2 4
-9999 2 1 2 2 1 1 1 2 8 5 5 2 5 635 1032 864 3 1 1 1 1 3 2 26 1 1 7 2 1 28 1 4 11 549 1 52 1 28 29 6 1 -9999 -9999 32767 -9999 -9999 -9999 -9999 -9999 -9999 -9999 -9999 -9999 -9999 -9999 -9999 -9999 9 -9999 1 -9999 2 1 1 1 1486 3 2 1 3 2 1 606 2 1 5 2 7 2 1 106 71 7 3 2 73 1 3 1 3 1 75 3 1 1
-9999 2 5 25 1 13 23 88 1 1 1 4 24 20 350 5 2 509 345 2 1 2 17 7 2 16 2 2 6 15 1 2 2 4 66 2 1 3 1 1 4 3 7 13 3 -9999 -9999 -9999 -9999 32767 1 -9999 -9999 -9999 -9999 -9999 -9999 -9999 -9999 -9999 32767 2 1 11 1929 1669 3 72 1 1 2 1 385 99 1 2 1 1 2 4 150 2 17 1 2 1 31 2 1 7 1 1 77 7 3 1
-9999 1 2 7 61 21 2 2 62 115 41 97 1 238 1 2 4 3 105 1029 43 1 14 7 2 9 1 3 2 14 2 1 7 1 2228 24 27 5 30 5 4 3 4 5 3 -9999 97 1 1 1 1 -9999 -9999 -9999 -9999 -9999 -9999 -9999 -9999 -9999 4 1 1 2174 5 3 5 1 36 69 1 4 233 1 134 1 3 2 1 3 78 1 2 10 2 1 13 16 11 5 1 15 50 5 2 5
-9999 1 2 1 3 5 5 19 35 2 6 36 1 116 2 1 1 3 21 1 358 601 445 1 1 5 1 3 4 55 2 1 80 2351 65 18 8 3 15 3 2 3 5 1 2 60 16 59 60 38 6 1 -9999 -9999 -9999 -9999 -9999 -9999 -9999 32767 2859 1 1121 201 1 4 2 3 3 50 1 2 2 5 134 5 4 1 3 1 5 88 2 2 4 3 2 3 1 6 5 21 3 2 1 18
-9999 5 1 1 3 3 4 5 10 3 3 1 6 66 9 9 1 3 1 15 1 6 2 611 3 1 2 2 6 10 17 37 1241 1 5 12 7 3 2 11 6 1 2 3 3 12 167 4 24 34 3 2 -9999 -9999 -9999 -9999 -9999 -9999 -9999 32767 -9999 38 5 219 1 1 1 3 1 36 2 1 2 3 1 111 2 40 4 1 1 142 1 2 4 1 51 89 24 7 3 16 3 1 3 2
-9999 3 3 1 1 1 2 2 3 8 16 2 6 4 26 8 1 29 8 22 1 2 1 111 1 1 9 11 14 1 10 1 2 463 1 3 5 1 1 2 1 2 1 2 5 2 121 6 8 8 1 3 -9999 -9999 1 -9999 1 1 1 9 1 184 3 1 318 1 7 3 2 12 33 8 1 2 3 3 3 2 7 1 13 2 383 4 451 228 3 1 1 3 1 19 4 1 4 6
-9999 13 2 3 2 1 1 1 1 2 6 2 5 6 21 3 10 6 5 13 1 4 150 1 3 1 2 4 4 32 17 1 2 1595 768 2 1 3 3 11 2 4 2 1 1 1 133 2 4 6 1 2 2 -9999 31 2 1 28 177 18 3 150 3 1 7 167 49 15 1 1 4 19 23 2 1 7 1 2 3 1 5 1 7 9 4 170 3 3 23 1 5 7 1 1 14 8
-9999 2 8 11 9 5 3 1 5 1 3 1 6 2 13 7 5 3 6 7 2 1 1 327 1 2 4 2 15 1 20 2 2 159 186 470 2 4 1204 301 1 11 9 3 1 120 1 9 2 2 1 26 -9999 15 1 1 38 3 6 3 3 1 201 1 1 1 36 140 155 16 2 1 2 5 19 3 305 96 9 8 3 10 2 10 2 147 2 1 5 5 2 2 1 7 1 2
-9999 11 1 22 1 8 5 2 2 10 2 1 3 1 6 4 2 1 6 1 4 12 24 69 250 35 3 3 5 3 9 1 1 69 1 1530 132 1 1 3 420 17 2 5 1 94 1 1 2 4 18 2 20 5 1 4 146 10 3 2 5 1 2 2 7 2 3 70 1 53 4 3 4 5 7 2 3 260 4 4 3 3 2 1 1 85 5 1 4 3 1 1 1 1 3 7
-9999 61 34 2 3 7 4 4 2 5 17 1 1 1 2 3 1 3 1 1 1 15 2 2 1 10 13 1 2 9 7 43 59 91 2 3 2 115 3 1 404 674 704 3 1 1 2 4 2 3 2 2 6 3 1 12 113 2 4 3 1 1 64 66 1 2 2 74 1 5 66 1 2 2 4 1 1 4 413 3 4 1 1 1 135 157 1 2 1 3 4 2 1 3 2 1
-9999 1 1 4 1 19 14 1 6 1 50 42 20 4 1 3 6 1 1 4 11 1 84 4 7 243 1 24 2 4 1 5 1 18 5 12 5 95 136 56 1 1 1011 3 7 98 33 27 12 1 1 4 2 2 5 1 51 1 1 1 3 111 5 1 38 1 2 6 1 2 1 69 1 2 1 2 1 1 54 1 1 1 28 135 2 6 9 1 7 12 24 6 1 89 29 12
-9999 -9999 5 1 23 75 2 1 16 88 1 1 1 9 2 1 1 11 2 1 1 79 1 3 30 259 2 12 2 4 10 4 50 1 4 4 4 4 1 139 3 16 1 607 2 1 45 1 3 12 2 5 1 2 10 20 6 13 1 6 92 1 6 2 1 50 7 5 2 1 79 31 46 6 1 21 3 52 26 17 1 2 152 2 3 2 1 6 2 3 4 54 93 8 1 24
-9999 -9999 1 16 6 3 124 2 1 20 46 2 2 1 3 8 7 35 30 53 2 59 1 1 1 31 5 3 2 2 9 7 99 1 2 2 2 1 1 150 1 5 8 981 5 3 1 44 1 3 9 1 6 9 11 3 2 3 3 28 12 3 1 1 10 2 27 2 1 50 3 2 7 13 1 3 1 316 3 6 23 2 158 1 2 1 1 1 1 2 1 3 1 1 4 6
-9999 -9999 3 2 1 1 1 1 121 32 84 4 3 1 1 1 3 4 1 2 29 7 1 10 1 2 80 2 4 3 2 7 86 4 1 5 1 160 67 2 1 3 2 1 1610 9 5 5 4 3 3 3 2 2 3 1 1 1 9 6 8 7 1 14 5 1 11 3 1 36 3 1 3 1 1 3 2 244 2 1 11 1 74 45 9 6 1 6 1 1 1 1 1 9 1 1
-9999 -9999 6 1 15 4 2 7 89 112 19 13 7 4 2 2 1 1 3 1 1 1 1 2 1 1 193 1 1 1 1 7 84 1 1 1 119 1 12 1 2 1 3 1447 2 2 3 2 2 1 2 1 1 1 1 7 3 8 4 2 4 3 1 3 4 2 5 5 7 21 1 1 13 2 1 2 5 61 1 3 1 4 24 5 3 1 3 2 12 2 13 4 2 1 1 5
-9999 -9999 5 32 2 2 2 2 6 382 2 2 1 1 16 3 2 1 1 13 19 19 1 2 1 6 15 53 1 3 2 2 41 2 3 73 17 2 7 1 3 8 18 1137 2 1 1 6 5 1 2 2 1 5 1 35 25 1 2 1 1 1 1 1 2 4 8 2 3 11 21 14 4 2 4 2 16 81 1 1 1 1 26 2 1 3 7 8 184 61 1 188 117 3 4 69
-9999 -9999 22 1 1 4 2 2 3 5 4 9 7 1 25 8 4 2 1 1 2 1 15 8 4 1 1 157 14 2 11 22 1 5 3 2 3 4 1 1 3 1 160 1384 60 12 8 2 2 2 2 4 9 36 32 2 1 7 2 4 2 2 6 1 1 1 1 1 1 1 8 4 3 2 2 9 10 103 1 4 12 34 3 15 10 1 129 141 1 2 3 1 2 313 69 47
-9999 -9999 1 6 2 2 3 8 2 423 1 1 10 32 5 1 15 3 2 1 4 13 1 22 2 2 11 80 3 1 2 1 17 3 26 3 2 1 5 2 1 61 4 1300 1 4 10 4 1 3 5 53 58 1 3 4 11 2 1 2 1 545 1 2 3 3 2 5 8 1 1 1 1 1 1 2 3 92 16 2 1 9 10 1 4 106 1 3 2 1 1 3 112 8 8 16
-9999 -9999 2 1 2 15 7 17 6 146 4 1 23 1 2 8 2 9 3 2 2 2 50 1 1 1 5 45 1 3 2 2 5 6 22 2 1 43 105 27 32 1 2 2 806 803 3 1 2 239 1 3 96 114 2 1 4 1 8 2 21 896 1313 252 27 1 5 4 11 2 2 3 1 2 2 1 2 25 4 1 2 5 1 2 26 1 2 1 11 29 44 72 27 9 5 14
-9999 -9999 4 2 2 6 20 1 417 2 1 3 38 1 10 34 1 8 7 2 2 1 39 2 1 4 3 22 102 1 2 11 2 10 2 2 12 64 2 14 3 2 5 3 2 3 585 491 2 11 1 5 7 1 2 1 4 2 1 1 1 1 1 490 2 1 4 1 48 56 39 23 47 4 1 2 1 113 7 5 2 2 1 5 4 4 1 3 2 2 2 12 3 1 5 10
-9999 -9999 2 2 1 1 54 1 3 161 1 1 102 93 73 14 5 1 46 3 2 1 20 9 3 1 1 1 5 91 1 3 1 2 4 3 3 87 1 19 2 6 1 1 1 1 438 1 3 6 2 1 3 47 22 4 3 3 1 3 5 217 44 5 1565 1 1 3 861 674 1 4 1 6 7 1 10 14 32 1 1 4 17 2 2 1 2 4 16 1 1 3 2 1 1 3
-9999 -9999 2 7 10 1 1 41 175 2 3 8 4 1 2 6 2 1 47 3 1 1 57 5 4 1 5 4 1 1 85 24 1 2 5 4 1 34 3 17 1 2 39 61 117 5 366 22 2 2 4 1 20 2 1 32 9 3 1 4 67 1 1 13 2 903 1036 814 7 1 635 1 1 1 1 1 1 14 29 3 2 1 1 1 1 5 3 1 2 1 28 3 1 3 6 2
-9999 -9999 3 2 1 2 1 54 110 1 129 231 2 3 15 1 2 1 2 4 29 170 27 13 2 10 1 3 1 2 1 12 44 2 1 2 9 2 3 7 7 35 4 3 3 1 263 246 3 2 1 3 20 2 1 1 13 2 3 43 5 20 2 1 3 8 2 2 2 2 796 1 1 3 2 1 7 5 1 1 1 2 31 37 1 7 1 4 1 2 9 2 1 1 28 1
-9999 -9999 49 6 1 11 16 14 2 1 6 1 2 22 3 2 9 1 4 15 1 108 2 1 6 12 1 13 8 1 2 1 1 7 1 3 24 5 6 2 9 2 3 25 7 28 140 1 386 2 2 6 1 28 11 5 21 1 54 3 4 110 2 1 3 3 1 14 3 1 2 169 2 3 34 15 1 2 2 12 18 32 1 15 3 6 1 17 38 1 23 1 2 1 1 2
-9999 -9999 865 2 3 2 1 1 242 123 2 70 1 2 2 1 2 3 18 2 1 99 5 1 1 1 43 3 1 5 1 1 1 27 4 4 1 2 3 4 2 1 2 2 6 2 1 38 1 338 385 1 1 1 5 1 4 2 2 1 3 81 7 4 2 1 2 6 2 1 288 1 131 43 27 6 2 1 1 3 11 1 2 6 51 17 2 46 30 2 23 2 5 2 2 7
-9999 -9999 457 8 1 1 7 1 1137 2 1 46 22 2 2 3 3 17 1 1 4 1 117 4 2 1 49 4 1 6 1 4 2 1 5 2 2 1 1 2 3 12 20 5 5 22 35 139 21 1 2 320 169 3 1 2 2 10 2 3 2 1 4 2 1 1 1 1 1 1 103 1 67 1 5 2 6 1 1 1 2 5 2 59 2 15 162 87 2 2 28 3 1 6 2 1
-9999 -9999 -9999 859 727 230 14 328 1 2 2 6 2 4 4 1 1 4 34 154 4 2 1 254 3 61 1 1 2 20 113 91 18 4 1 6 3 1 2 1 1 2 4 3 10 2 10 8 7 51 1 1 70 2 2 1 1 3 3 2 1 28 5 3 15 1 14 3 1 262 417 1 60 6 2 16 2 1 3 15 24 33 9 14 1 1 2 59 3 1 98 1 61 17 6 1
-9999 -9999 -9999 7 7 33 2 2 34 20 1 15 11 1 1 2 1 1 1 5 218 2 1 1 342 1 2 2 120 1 1 1 8 27 16 10 2 1 4 14 2 1 1 1 4 1 2 24 2 6 15 2 73 34 67 11 3 2 3 1 5 1 1 1 2 2 198 612 477 284 1 7 33 2 2 1 3 3 4 3 1 2 7 1 4 9 133 118 22 125 1 1 98 2 5 1
-9999 -9999 -9999 3 2 12 2 4 5 6 6 2 1 3 4 5 7 5 1 1 1 196 6 1 21 98 1 1 2 144 19 1 16 2 1 3 4 1 1 2 23 4 2 1 2 6 2 7 2 19 8 3 16 2 2 149 126 27 31 3 2 4 6 1 1 3 370 1 1 48 1 2 21 4 2 2 3 1 14 1 1 4 3 23 1 2 5 500 6 2 1 2 15 3 1 1
-9999 -9999 -9999 1 1 3 4 1 1 2 8 1 1 8 2890 9 1 13 1 1 162 327 3 4 2 269 6 3 1 101 2 24 4 26 22 17 1 3 2 3 1 11 12 2 1 2 3 2 14 2 8 1 40 3 2 4 1 68 2 23 1 1 1 1 1 271 35 2 1 2 3 2 1 5 4 3 4 2 25 1 4 1 1 7 18 15 86 23 3 2 7 12 50 2 1 2
-9999 -9999 -9999 2 1 1 3 8 17 1 3 2 6 1 4 2867 3 1 1 1 440 2 325 670 618 219 1 2 134 17 18 4 2 1 3 1 2 5 2 7 33 1 2 4 2 2 1 6 3 3 1 4 16 1 2 1 144 4 1 3 7 4 1 7 3 138 1 245 15 2 11 5 1 2 1 1 2 2 1 14 2 1 2 1 4 1 1 2 168 1 1 1 1 139 2 1
-9999 -9999 -9999 4 8 1 1 2 2 17 20 4 1 1 2 2 5225 507 361 519 9 1 1 2 1 1 122 166 2 1 1 3 2 13 12 22 16 1 3 18 4 2 1 13 3 5 1 3 2 3 4 4 5 19 27 2 75 2 3 2 3 1 2 29 181 1 1 35 1 71 1 12 11 2 2 1 1 2 4 13 2 6 22 40 3 1 5 2 31 396 474 572 661 10 90 32
-9999 -9999 -9999 12 1 4 2 1 1 5 1 33 4 3 1 1 3 1367 2698 1 5 3 1 5 8 1 2 3 5 4 1 2 38 8 24 1 9 1 1 1 70 134 10 23 11 2 1 1 1 1 2 4 2 3 13 14 1 6 1 2 1 299 302 189 3 1 38 3 6 1 53 21 1 3 1 9 1 4 59 134 166 54 3 7 33 2 1 3 1 3 3 2 5 4 1 645
-9999 -9999 -9999 2 3 9 5 2 1 3 1 1 37 1 2 4 1 1 228 1271 3663 13 2 1 378 566 533 1 1 7 4 236 1 1 1 1 1 1 24 406 2 1 263 106 23 2 8 1 3 1 1 1 2 4 2 62 1 3 7 17 415 75 1 5 22 1 15 11 3 1 12 8 1 3 1 1 11 49 10 1 1 142 35 107 175 318 8 3 1 3 1 1 1 1 1 1
-9999 -9999 -9999 2 69 1 24 6 2 1 2 1 1 2 112 95 101 88 30 1 20 550 1093 1 5 4 1 147 24 1 626 1 458 354 576 241 742 726 2 1 1 1 1 256 1 2 1 1 17 5 1 1 1 3 6 13 2 2 3 1 526 1 7 1 1 21 1 10 3 1 1 9 27 3 7 23 28 14 3 1 1 1 1 110 2 1 157 139 190 36 19 1 4 2 2 4
-9999 -9999 -9999 808 156 2 1 9 2 4 1 10 2 1 2 2 3 4 2 1 2 6 2 526 4 2 1 6 2 1 2 5 2 1 2 1 1 1 1 3 2 5 2 1 352 25 2 8 1 4 9 3 1 1 3 3 10 12 9 1 47 382 12 2 1 8 12 8 5 1 1 2 2 9 1 2 1 1 2 5 11 14 87 2 2 2 2 1 2 4 357 298 380 623 575 396
