data/grids/HYDROFLOW.asc
NCOLS 822 
NROWS 563 
XLLCORNER -58000 
YLLCORNER 5661000 
CELLSIZE 1000 
NODATA_value -9999 
[rows 156 to 207 of 563, columns 0 to 95 of 822]
-9999 -9999 -9999 -9999 -9999 -9999 -9999 -9999 -9999 -9999 1 1 1 1 1 1 1 3 3 10 12 6 3 2 5 4 157 1 10 20 3 2 4 1 19 63 47 1 2 3 11 37 2 1 67 379 20 9 2 1639 1 2605 1194 1 4 2 956 1 3 4 1 13 2 5 4 6 1 192 50 1 9 1 2 2 2 2 43 7 29 8 1 3 2 7 4 6 1 1 6 13 63 105 126 47 5 2
-9999 -9999 -9999 -9999 -9999 -9999 -9999 -9999 -9999 -9999 2 4 1 1 3 3 1 8 2 12 30 37 61 1 1 2 2 3 34 2 12 1 1 22 1 2 1 2 1 1 41 1 2 99 195 2 4 2 1 1561 2 2 2 1203 1 1 4 41 764 1 1 3 1 5 1 1 2 1 818 1056 853 822 1 18 2 7 5 4 12 11 2 1 1 2 3 13 7 1 3 37 2 6 11 5 7 1
-9999 -9999 -9999 -9999 -9999 -9999 -9999 -9999 -9999 -9999 1 7 2 3 4 16 1 6 32 1 1 2 1 19 2 86 30 14 2 1 12 4 1 12 6 2 50 10 41 143 1 175 309 112 4 2 1 1 123 1484 1 1015 1352 1041 99 2 4 6 13 451 302 1 2 1 1 10 13 12 50 16 1 2 57 1 11 8 15 18 4 4 3 1 1 3 8 8 1 1 14 2 1 1 3 27 2 1
-9999 -9999 -9999 -9999 -9999 -9999 -9999 -9999 -9999 -9999 2 29 5 1 15 4 8 8 14 3 2 2 2 18 296 3 2 18 1 7 2 3 6 1 45 39 1 36 2 1 220 6 5 18 1 1 1 108 2 519 2 3 5 5 1 79 5 2 14 1 97 98 3 3 1 4 1 14 19 5 1 3 316 3 2 2 1 23 20 1 1 1 1 7 3 13 1 20 1 4 3 2 5 6 1 6
-9999 -9999 -9999 -9999 -9999 -9999 -9999 -9999 -9999 -9999 115 3 4 4 4 2 1 2 1 38 2 4 326 6 16 1 5 2 16 3 1 2 7 20 9 1 29 1 1 267 3 11 4 24 1 1 65 1 409 1197 2 2 4 4 3 2 27 27 1 2 1 78 21 5 1 4 9 9 8 1 1 1 466 1 1 1 13 2 1 14 1 3 1 2 4 1 10 4 21 42 1 2 4 2 1 1
-9999 -9999 -9999 -9999 -9999 -9999 -9999 -9999 -9999 -9999 11 2 2 22 50 1 3 2 4 166 87 14 42 5 1 7 3 1 10 1 3 7 10 3 8 22 1 244 225 13 5 2 1 29 1 1 54 1402 850 2 1611 1 1 6 1 2 13 7 5 1 1 388 1 2 1 2 3 4 1 3 1 21 315 301 302 2 10 11 1 1 2 8 2 1 1 4 3 3 3 2 5 1 2 2 3 1
-9999 -9999 -9999 -9999 -9999 -9999 -9999 -9999 -9999 -9999 3 10 52 8 1 18 48 37 37 3 3 6 5 3 2 3 2 1 1 1 1 1 2 12 2 235 83 2 3 25 2 4 16 2 48 1 2317 1 9 1 1 2292 2 2 1 4 10 2 1 1 773 1 2 3 6 2 5 1 4 1 3 2 393 3 1 1 7 1 37 60 80 46 43 2 1 1 3 3 2 2 37 53 47 22 1 63
-9999 -9999 -9999 -9999 -9999 -9999 -9999 -9999 -9999 -9999 5 4 2 1 2 13 6 1 18 4 3 7 3 1 6 1 4 8 10 2 26 2 3 2 203 3 4 1 7 15 3 2 2 1 33 2 499 3 1 7 1 2 297 2 1 2 1 2 1 73 1 218 1 1 12 68 3 21 5 1 2 4 168 2 1 366 1 86 1 2 9 2 1 32 3 1 3 2 9 1 1 60 1 9 173 1
-9999 -9999 -9999 -9999 -9999 -9999 -9999 -9999 -9999 -9999 1 1 2 4 25 19 4 2 6 2 1 1 1 1 2 3 1 2 6 18 30 81 12 7 4 4 2 1 2 4 1 1 1 10 19 2 859 1 1 9 46 21 808 2 5 1 3 22 23 1 8 95 267 180 609 588 45 1 1 1 1 10 3 1 16 1 309 68 3 1 7 11 3 1 3 2 1 4 9 15 10 2 2 89 1 12
-9999 -9999 -9999 -9999 -9999 -9999 -9999 -9999 -9999 -9999 12 3 3 1 6 1 6 2 2 1 4 10 5 1 1 2 24 20 31 12 47 1 2 2 2 1 1 1 1 1 1 1 6 3 2 3 1218 1 3 3 1 4 1034 21 20 1 1 4 15 2 8 76 5 1 2 1 386 5 2 2 3 2 39 517 107 65 2 83 3 2 1 1 3 3 3 3 1 3 7 9 9 1 2 60 1 5
-9999 -9999 -9999 -9999 -9999 -9999 -9999 -9999 -9999 -9999 1 2 4 5 1 1 1 1 1 2 1 2 9 4 1 1 3 7 2 6 1 5 3 6 14 2 2 3 3 2 2 4 1 2 1 2 9 51 1 10 2 1 377 375 19 8 2 4 6 2 4 11 1 1 2 7 1 184 2 6 1 5 3 3 2 251 1 140 58 2 4 10 1 1 18 3 1 2 1 1 30 7 2 68 2 3
-9999 -9999 -9999 -9999 -9999 -9999 -9999 -9999 -9999 -9999 3 2 1 1 2 2 3 5 3 4 3 1 2 9 1 4 1 2 18 1 1 1 1 2 1 19 1 4 3 4 2 7 2 2 1 9 1639 6 1 2 1 342 1 714 2 4 1 1 1 1 1 1 7 10 1 2 1 103 96 90 1 1 1 2 10 2 280 1 4 2 52 49 33 21 2 10 3 1 6 16 10 49 91 1 2 3
-9999 -9999 -9999 -9999 -9999 -9999 -9999 -9999 -9999 -9999 2 10 3 6 3 8 8 1 2 5 2 38 1 14 25 124 78 40 17 2 12 15 2 2 2 1 1 1 1452 1231 970 1361 2 307 2200 1919 2 2 1 260 87 2 1 743 1 1 3 2 2 2 1 12 2 1 4 15 23 1 7 268 4 4 1 1 1 1 5 453 3 3 12 1 8 4 2 2 1 1 2 1 7 3 11 2 53 110
-9999 -9999 -9999 -9999 -9999 -9999 -9999 -9999 -9999 -9999 -9999 20 1 1 1 14 7 3 2 1 1 9 112 123 110 3 2 10 175 145 206 283 2 711 1262 1173 1102 1013 53 12 44 24 116 8 2 3 5 1 2 84 2 1 4 1 977 1 7 58 36 3 6 3 2 1 1 2 2 1 1 4 2 1 10 5 6 1 17 2 97 1 1 8 2 8 16 1 2 5 1 4 11 12 9 57 1 31
-9999 -9999 -9999 -9999 -9999 -9999 -9999 -9999 -9999 -9999 -9999 31 1 61 82 47 1 1 1 69 89 2 11 4 1 1 2 1 1 2 1 128 183 19 6 1 2 289 3 2 27 2 4 1 1 2 1 2 323 4 1 1 32 1 1 893 18 6 2 1 11 5 1 5 5 3 1 2 2 21 246 1 34 23 5 1 7 3 238 222 1 1 15 3 1 1 2 3 1 4 3 4 14 6 2 7
-9999 -9999 -9999 -9999 -9999 -9999 -9999 -9999 -9999 -9999 -9999 5 128 31 1 12 3 1 5 1 1 1 8 1 3 1 2 4 8 13 564 88 1 1 1 5 1 73 2 1 4 3 2 2 1 133 88 45 3 1 37 46 5 44 39 1 106 1 2 57 62 1 1 35 25 1 4 1 34 51 71 37 24 1 2 1 2 2 3 2 116 1 20 3 4 19 10 5 1 3 7 4 7 5 3 12
-9999 -9999 -9999 -9999 -9999 -9999 -9999 -9999 -9999 -9999 -9999 3 1 2 22 3 2 2 7 36 3 6 2 8 1 1 10 9 30 364 1 1 6 5 3 177 249 55 2 1 2 3 1 3 57 1 1 2 7 22 1 4 8 10 9 1 24 807 111 2 25 25 19 1 2 2 1 10 30 10 7 17 1 1 1 2 2 2 1 1 26 13 1 5 3 40 10 3 1 4 2 1 3 5 2 5
-9999 -9999 -9999 -9999 -9999 -9999 -9999 -9999 -9999 -9999 -9999 1 1 2 16 2 2 2 8 1 12 12 9 1 2 6 4 9 1 1 1 2 4 1 241 1 94 133 20 7 1 1 2 9 6 6 2 8 2 1 1 3 2 2 6 4 7 1 118 3 13 1 8 2 1 3 6 19 28 11 3 30 1 28 21 13 5 3 2 7 18 136 93 66 42 24 7 4 3 1 1 1 2 2 2 3
-9999 -9999 -9999 -9999 -9999 -9999 -9999 -9999 -9999 -9999 -9999 7 5 1 4 1 2 1 1 1 6 1 3 1 2 1 1 1 201 4 1 3 1 6 51 83 2 10 1 1 1 4 2 1 203 42 1 2 1 1 5 1 1 2 6 3 2 100 209 2 1 1 3 1 2 1 6 4 30 1 2 13 1 2 1 1 1 1 4 2 1 3 2 7 3 3 2 8 2 3 6 3 2 3 1 2
-9999 -9999 -9999 -9999 -9999 -9999 -9999 -9999 -9999 -9999 -9999 1 1 1 1 3 2 15 22 6 1 1 1 2 5 4 4 604 1 4 1 1 176 129 1 45 25 1 1 24 33 1 9 2 1 2 36 16 6 2 3 1 1 2 2 2 11 2 465 48 2 6 3 5 1 1 4 1 3 6 3 6 2 8 6 2 10 6 11 1 1 2 8 11 2 7 12 1 5 3 10 6 3 2 2 2
-9999 -9999 -9999 -9999 -9999 -9999 -9999 -9999 -9999 -9999 -9999 1 1 3 1 4 5 5 2 4 3 1 2 5 5 3 519 1 4 13 18 55 6 1 4 1 2 1 15 1 2 11 16 10 2 4 8 1 1 9 1 2 6 3 7 15 6 1 5 2 1 7 1 2 2 3 4 2 2 3 3 1 2 2 4 2 13 19 3 5 3 10 37 1 2 9 7 5 8 5 5 2 13 2 2 2
-9999 -9999 -9999 -9999 -9999 -9999 -9999 -9999 -9999 -9999 -9999 8 7 5 4 8 3 2 23 4 1 2 12 399 470 9 2 1 1 2 6 20 47 6 2 4 9 3 6 1 11 1 3 2 2 1 10 2 1 23 1 2 13 1 3 1 45 50 1 3 3 7 6 7 19 5 20 13 2 1 1 3 6 9 2 6 17 14 27 13 3 9 1 2 1 10 4 34 2 13 2 25 2 1 2 5
-9999 -9999 -9999 -9999 -9999 -9999 -9999 -9999 -9999 -9999 -9999 1 2 6 7 15 218 145 3 1 1 2 2 51 2 3 1 1 1 1 1 1 80 1 2 3 5 5 4 3 5 6 2 69 96 1 2 1 6 29 7 1 6 14 22 1052 5 9 1 2 2 1 1 2 33 10 36 2 2 1 1 1 1 1 70 131 2 11 4 2 3 1 15 1 1 6 17 4 47 3 6 1 2 5 2 2
-9999 -9999 -9999 -9999 -9999 -9999 -9999 -9999 -9999 -9999 -9999 2 2 2 31 74 5 1 218 224 287 356 382 2 2 1 2 16 58 83 23 21 30 1 1 1 5 3 2 4 1 10 73 1 2 50 226 29 2 43 14 2 1 1 478 1 2 2 1 3 1 4 16 1 5 2 2 9 6 2 7 3 4 16 29 138 85 17 4 2 1 2 5 1 12 30 5 27 1 175 67 2 10 6 3 2
-9999 -9999 -9999 -9999 -9999 -9999 -9999 -9999 -9999 -9999 -9999 1 2 5 4 54 1 2 5 1 2 1 2 1 1 1 19 16 1 2 2 3 11 1 5 1 1 1 3 11 41 55 2 1 2 2 2 1 1 42 20 4 1 677 3 3 5 17 23 21 68 1 2 7 1 131 7 12 3 4 18 1 4 5 3 3 28 1 4 6 1 5 2 3 1 1 4 80 196 1 1 1 19 1 2 593
-9999 -9999 -9999 -9999 -9999 -9999 -9999 -9999 -9999 -9999 -9999 1 1 3 5 1 5 1 1 1 1 6 3 1 3 5 2 3 9 1 3 7 6 8 1 1 2 13 21 9 21 1 3 5 7 8 18 32 257 228 554 774 918 8 2 3 8 6 5 1 4 122 1 2 217 36 105 2 104 40 1 4 1 1 4 3 2 72 33 8 3 2 1 1 2 5 19 46 275 266 243 191 142 84 18 1
-9999 -9999 -9999 -9999 -9999 -9999 -9999 -9999 -9999 -9999 -9999 2 20 1 17 27 17 9 4 6 1 2 17 4 2 10 1 1 3 1 1 1 2 2 2 3 2 2 2 6 5 2 6 12 2 10 2 1 1 75 2 1 86 3 1 1 2 3 6 31 7 2 89 109 1 11 70 643 45 15 14 5 2 8 6 1 2 170 3 3 2 7 16 6 2 2 2 2 5 11 3 1 1 1 4 6
-9999 -9999 -9999 -9999 -9999 -9999 -9999 -9999 -9999 -9999 -9999 1 4 1 3 1 1 1 1 1 14 5 16 4 1 14 2 1 1 1 3 1 7 1 17 785 473 1 1 1 3 3 4 1 2 1 5 95 37 8 5 6 48 4 14 1 1 4 3 5 2 1 1 53 1 5 1 5 3 3 12 5 4 1 2 1 3 252 1 1 37 7 3 2 1 6 2 3 10 14 2 3 1 5 1 3
-9999 -9999 -9999 -9999 -9999 -9999 -9999 -9999 -9999 -9999 -9999 1 1 5 16 2 2 4 2 34 7 134 97 60 440 474 510 4 3 2 5 8 1 845 739 2 1 133 6 1 1 1 1 6 8 1 3 158 3 5 11 3 6 25 6 13 1 7 13 2 6 49 36 1 1 1 12 1 2 2 2 1 2 1 2 2 5 296 2 1 39 10 5 1 1 1 4 6 3 2 1 5 11 6 1 4
-9999 -9999 -9999 -9999 -9999 -9999 -9999 -9999 -9999 -9999 -9999 -9999 3 1 1 40 62 6 2 97 98 1 1 14 2 110 1 344 7 2 9 1 480 1 1 5 83 27 8 7 1 6 9 12 5 6 2 1 6 3 1 3 8 4 7 6 1 3 2 4 1 46 5 23 1 1 11 1 2 3 1 3 1 14 9 3 1 4 124 199 63 4 5 6 5 1 2 3 1 9 1 36 5 5 1 1
-9999 -9999 -9999 -9999 -9999 -9999 -9999 -9999 -9999 -9999 -9999 -9999 4 1 2 1 1 51 38 2 1 10 3 6 1 1 32 8 521 723 75 732 17 4 1 1 6 3 1 5 2 1 3 6 5 5 116 5 8 5 4 3 2 1 2 1 1 2 1 4 17 2 3 8 1 5 2 5 8 2 4 6 48 1 2 2 2 2 1 8 5 5 4 10 3 2 1 2 8 13 26 28 1 1 1 3
-9999 -9999 -9999 -9999 -9999 -9999 -9999 -9999 -9999 -9999 -9999 -9999 3 1 5 2 4 12 60 1 1 9 3 3 35 62 1 3 6 25 2 1 6 1 1 2 823 2 2 1 1 1 2 24 6 7 7 11 6 3 1 1 3 336 1 1 2 6 1 1 4 5 2 3 2 3 9 7 13 72 89 28 11 5 1 1 3 2 3 143 2 2 1 18 5 1 2 2 5 5 158 1 31 9 3 1
-9999 -9999 -9999 -9999 -9999 -9999 -9999 -9999 -9999 -9999 -9999 -9999 14 1 5 2 2 5 11 12 2 1 1 27 3 11 3 4 4 2 9 1 1 1 2 5 22 894 756 577 4 1 2 1 13 2 6 3 2 1 1 2 1303 3398 5881 4723 12 1 3 1 1 4 2 1 2 1 1 2 1 1 1 6 108 4 2 3 1 2 3 34 32 1 55 17 2 4 2 6 1 1 80 1 2 6 2 1
-9999 -9999 -9999 -9999 -9999 -9999 -9999 -9999 -9999 -9999 -9999 -9999 1 1 17 2 1 3 3 3 6 1 4 2 1 10 1 1 4 8 2 1 2 6 7 17 1 1 1 1 492 640 1 1 1 1 2 1 1 1 1131 1 2053 1 9 6 4 2 1 15 1 1 2 3 5 22 35 9 95 93 49 1 3 162 7 2 2 2 4 1 79 1 6 20 2 1 6 5 5 121 1 2 3 1 18 2
-9999 -9999 -9999 -9999 -9999 -9999 -9999 -9999 -9999 -9999 -9999 -9999 649 929 49 17 2 1 3 1 3 1 2 14 3 3 1 3 1 1 355 434 136 602 2 318 407 333 243 265 1 1 1761 820 2 1 2 2 8 2 1 2 1 1 4 1 1557 9123 4 21 2 2 6 2 3 1 30 1 3 2 9 120 148 420 15 8 2 4 3 3 21 55 4 1 4 2 1 1 13 51 22 50 63 40 3 1
-9999 -9999 -9999 -9999 -9999 -9999 -9999 -9999 -9999 -9999 -9999 -9999 2 2 643 2 2 2 1 2 1 1 4 2 2 1 1 1 11 236 1 1 2 8 3 2 3 4 1 6 2 3 1 1 1068 1825 4 2517 423 1 1 2272 6 2 2 1 5 7 6569 4176 5358 3 5 1 1 2 17 1 1 1 2 1 1 4 195 4 13 4 2 3 6 1 2 18 1 1 1 1 1 1 1 3 3 2 2 1
-9999 -9999 -9999 -9999 -9999 -9999 -9999 -9999 -9999 -9999 -9999 -9999 2 1 1854 1 1 2 9 4 2 2 1 1 1 3 2 1 442 2 1 3 6 3 2 1 1 1 32 4 1 2 192 215 120 1 54 4 9 3 1 3628 2 1 1 3 2 3 8 2 19 1690 6252 1 1 2 4 2 2 3 4 3 1 1 1 340 14 4 2 2 1 1 39 61 2 1 7 2 7 3 311 5 1 7 4 1
-9999 -9999 -9999 -9999 -9999 -9999 -9999 -9999 -9999 -9999 -9999 -9999 3 3 1468 1 7 17 2 6 1 1 2 11 18 1 7 343 21 1 1 3 2 1 16 2 1 44 1 1 56 195 2 4 3 3 2 4 1 758 544 537 4 4 2 2 1 2 2 10 5 3 8 6846 3 1 1 3 3 2 2 2106 4 2124 1583 5290 10 6 3 1 2 19 5 29 1 10 1 1 18 47 212 6 1 5 2 9
-9999 -9999 -9999 -9999 -9999 -9999 -9999 -9999 -9999 -9999 -9999 -9999 1 1 1 1516 30 1 5 4 6 2 2 1 3 22 111 7 2 1 10 12 16 16 7 8 1 1 2 124 134 8 1 1 1 1 2 1 299 3 4 6 2 862 2 7 8 1 2 5 1 2 38 1 5049 4 2 1 1 1 6256 2 6930 2386 4538 3 5 5 5 2 1 3 2 36 3 15 6 81 72 1 29 5 2 3 1 4
-9999 -9999 -9999 -9999 -9999 -9999 -9999 -9999 -9999 -9999 -9999 -9999 1 1 74 1765 1 4 83 63 25 4 1 1 1 2 290 1 1 2 2 2 40 1 1 117 130 134 167 5 1 11 3 2 5 7 44 65 577 1 2 1 4 5 2081 16 1 2 1 1 5 5 22 2 9 3098 1864 5669 1 7264 798 4 1 2 147 1 3 3 1 4 3 2 3 2 2 5 3 15 3 9 6 1 1 1 2 2
-9999 -9999 -9999 -9999 -9999 -9999 -9999 -9999 -9999 -9999 -9999 -9999 1 70 2 586 1 20 1 1 2 1 2 2 3 4 1 141 2 5 11 16 3 8 3 11 2 4 1 2 16 1 2 1 30 35 4 1 160 361 2 1 4 13 17 1331 3413 713 3 2 2 8 17 13 2 2 3 1 7324 5209 1726 1 5 1 38 76 34 3 2 10 3 1 1 9 1 4 4 3 2 5 2 1 2 4 11 86
-9999 -9999 -9999 -9999 -9999 -9999 -9999 -9999 -9999 -9999 -9999 -9999 108 9 1 956 177 20 71 3 1 1 3 32 2 2 2 94 28 10 1 4 1 1 6 3 1 1 48 1 10 2 10 23 1 3 3 8 1 697 2 1 9 6 8 5 2 3 758 1 2 1 6 7 1 4 5 44 1 2 680 1 46 1 3 2 1 51 13 8 2 1 2 3 1 3 5 1 1 2 1 4 4 8 1 1
-9999 -9999 -9999 -9999 -9999 -9999 -9999 -9999 -9999 -9999 -9999 -9999 1 4 1 759 1 2 1 87 60 51 16 19 7 2 2 124 10 8 3 1 3 7 5 1 1 2 25 1 3 1 5 1 14 2 18 1 1 141 1 2 5 1 1 4 1 1 920 2 1 1 1 12 20 10 52 2 2 610 3 5 26 3 3 253 2 1 34 2 4 2 1 1 1 1 6 2 1 1 9 7 3 7 78 2
-9999 -9999 -9999 -9999 -9999 -9999 -9999 -9999 -9999 -9999 -9999 -9999 1 1 1 3 210 3 2 1 8 14 1 2 1 1 2 75 1 1 1 9 1 2 1 2 25 44 2 2 1 2 1 7 2 9 2 2 2 676 12 2 3 6 1 1 1 4 1 1510 2 1 1 10 10 12 7 4 5 302 2 4 4 29 4 1 146 2 1 6 6 4 2 1 6 7 5 2 7 1 2 14 36 65 7 1
-9999 -9999 -9999 -9999 -9999 -9999 -9999 -9999 -9999 -9999 -9999 -9999 44 5 1 1 955 1 2 1 1 2 1 1 3 7 13 10 3 3 5 1 2 1 6 4 4 1 1 1 2 4 1 2 5 4 3 8 540 12 3 1 1 2 7 27 30 34 129 1 4 2 1 1 7 8 5 2 2 21 1 3 3 41 6 1 289 2 4 11 2 4 3 2 3 11 7 1 5 3 4 1 1 4 12 1
-9999 -9999 -9999 -9999 -9999 -9999 -9999 -9999 -9999 -9999 -9999 -9999 4 2 63 1 3 420 5 2 2 1 2 2 1 1 11 8 91 3 1 2 2 4 2 1 3 1 3 2 472 596 3 2 93 205 328 574 3 1 38 9 1 12 2 1 1 10 31 3 3 4 1 1 6 1 1 1 1 1 317 2 4 20 2 2 1 67 1 18 6 2 3 2 1 4 18 1 4 25 1 1 8 1 1 3
-9999 -9999 -9999 -9999 -9999 -9999 -9999 -9999 -9999 -9999 -9999 -9999 1 40 16 31 2 46 813 408 1 6 2 11 2 2 7 1 32 21 15 10 2 17 1 2 81 424 358 277 14 2 2 2 2 1 1 43 2 37 43 1 2 12 42 59 79 13 2676 3 6 4 1 3 3 139 1422 2 1 3 405 2 2 13 2 1 1 1 2 63 26 16 4 4 2 1 50 37 6 9 2 5 1 2 2 3
-9999 -9999 -9999 -9999 -9999 -9999 -9999 -9999 -9999 -9999 -9999 -9999 2 18 5 36 1 1 32 4 549 155 1 5 17 5 2 2 19 2 7 1 2 29 47 91 291 1 1 1 5 6 2 2 3 2 2 20 4 6 3 1 1 24 1 1 1 16 3 1 7 3 1 2 404 6 1 3 13 22 261 1 1 1 6 4 1 246 74 44 4 4 1 1 9 1 2 9 88 2 1 1 60 5 1 2
-9999 -9999 -9999 -9999 -9999 -9999 -9999 -9999 -9999 -9999 -9999 -9999 11 12 1 10 2 7 11 3 5 139 551 1 32 3 2 4 1 6 1 3 1 212 1 5 149 1 4 3 2 1 1 3 8 10 52 1 22 3 1 21 25 11 30 29 59 20 1 265 2 5 1 2 273 3 2 1 3 4 1 166 2 1 2 5 12 17 235 1 12 2 1 1 5 31 52 27 161 102 345 1 291 361 296 230
-9999 -9999 -9999 -9999 -9999 -9999 -9999 -9999 -9999 -9999 -9999 -9999 4 1 10 7 43 1 8 2 2 2 1 370 12 3 2 3 14 3 1 1 102 1 1 9 5 212 1 1 1 1 4 9 17 8 11 2 5 2 15 5 2 1 6 1 1 754 2306 2 1 10 129 138 6 1 1 2 2 17 66 2 4 3 1 4 44 13 4 238 1 8 1 2 2 17 1 2 162 1 1 1 496 2 1 13
-9999 -9999 -9999 -9999 -9999 -9999 -9999 -9999 -9999 -9999 -9999 -9999 2 4 6 6 3 2 3 2 22 3 488 2 6 4 1 1 5 3 4 30 1 1 3 1 18 2 174 24 34 17 4 2 1 3 3 1 4 3 2 2 2 2 1 15 2363 1405 1 1 69 3 1 1 161 2 1 2 3 29 8 86 104 1 2 7 11 20 2 2 38 4 1 5 8 4 1 4 13 1 16 282 2 2 3 1
-9999 -9999 -9999 -9999 -9999 -9999 -9999 -9999 -9999 -9999 -9999 -9999 -9999 1 2 1 1 1 7 6 1 1 262 2 2 1 1 2 1 2 2 101 1 1 1 10 2 1 5 69 1 2 4 4 1 1 1 1 2 5 2 1 1 4 10 1617 1 7 6 1 74 3 7 4 606 2 1 2 21 3 2 4 13 170 1 2 1 5 2 5 55 5 2 4 1 1 1 5 2 2 2 73 2 1 1 3
