data/grids/HYDRODIST.asc
NCOLS 822 
NROWS 563 
XLLCORNER -58000 
YLLCORNER 5661000 
CELLSIZE 1000 
NODATA_value -9999 
[rows 110 to 164 of 563, columns 0 to 95 of 822]
-9999 -9999 -9999 -9999 -9999 -9999 -9999 92 92 92 92 91 91 91 91 90 89 89 88 87 86 85 84 83 82 82 81 80 79 78 77 77 76 75 74 73 72 72 71 70 69 68 68 67 66 65 65 64 63 62 62 61 60 59 59 58 57 57 56 55 55 54 53 53 52 52 51 50 50 49 49 48 48 47 47 47 46 46 45 45 45 44 44 44 43 43 43 43 43 42 42 42 42 42 42 42
-9999 -9999 -9999 -9999 -9999 -9999 -9999 93 93 93 93 92 92 92 91 90 89 88 87 86 85 85 84 83 82 81 80 79 79 78 77 76 75 74 73 73 72 71 70 69 69 68 67 66 65 65 64 63 62 62 61 60 59 59 58 57 57 56 55 55 54 53 53 52 51 51 50 50 49 49 48 48 47 47 46 46 45 45 44 44 44 43 43 43 42 42 42 42 42 41 41 41 41 41 41 41
-9999 -9999 -9999 -9999 -9999 -9999 -9999 94 94 94 94 93 92 91 90 89 89 88 87 86 85 84 83 82 81 81 80 79 78 77 76 75 75 74 73 72 71 70 70 69 68 67 66 66 65 64 63 62 62 61 60 59 59 58 57 57 56 55 54 54 53 52 52 51 51 50 49 49 48 48 47 47 46 46 45 45 44 44 43 43 43 42 42 42 41 41 41 41 41 40 40 40 40 40 40 40
-9999 -9999 -9999 -9999 -9999 -9999 -9999 95 95 94 94 93 92 91 90 89 88 87 86 85 85 84 83 82 81 80 79 78 78 77 76 75 74 73 72 72 71 70 69 68 67 67 66 65 64 63 63 62 61 60 60 59 58 57 57 56 55 54 54 53 52 52 51 50 50 49 49 48 47 47 46 46 45 45 44 44 43 43 43 42 42 41 41 41 41 40 40 40 40 39 39 39 39 39 39 39
-9999 -9999 -9999 -9999 -9999 -9999 -9999 96 95 94 93 92 91 90 89 89 88 87 86 85 84 83 82 81 81 80 79 78 77 76 75 74 74 73 72 71 70 69 69 68 67 66 65 64 64 63 62 61 60 60 59 58 57 57 56 55 54 54 53 52 52 51 50 50 49 48 48 47 47 46 45 45 44 44 43 43 42 42 42 41 41 40 40 40 40 39 39 39 39 38 38 38 38 38 38 38
-9999 -9999 -9999 -9999 -9999 -9999 -9999 95 95 94 93 92 91 90 89 88 87 86 85 85 84 83 82 81 80 79 78 77 77 76 75 74 73 72 71 70 70 69 68 67 66 65 65 64 63 62 61 61 60 59 58 57 57 56 55 54 54 53 52 52 51 50 50 49 48 48 47 46 46 45 45 44 44 43 43 42 42 41 41 40 40 40 39 39 39 38 38 38 38 37 37 37 37 37 37 37
-9999 -9999 -9999 -9999 -9999 -9999 -9999 95 94 93 92 91 90 90 89 88 87 86 85 84 83 82 81 80 80 79 78 77 76 75 74 73 73 72 71 70 69 68 67 67 66 65 64 63 62 62 61 60 59 58 58 57 56 55 55 54 53 52 52 51 50 50 49 48 48 47 46 46 45 44 44 43 43 42 42 41 41 40 40 39 39 39 38 38 38 37 37 37 37 36 36 36 36 36 36 36
-9999 -9999 -9999 -9999 -9999 -9999 -9999 95 94 93 92 91 90 89 88 87 86 85 85 84 83 82 81 80 79 78 77 76 76 75 74 73 72 71 70 69 69 68 67 66 65 64 64 63 62 61 60 59 59 58 57 56 55 55 54 53 52 52 51 50 49 49 48 47 47 46 45 45 44 44 43 42 42 41 41 40 40 39 39 38 38 38 37 37 37 36 36 36 36 36 35 35 35 35 35 35
-9999 -9999 -9999 -9999 -9999 -9999 -9999 94 93 92 92 91 90 89 88 87 86 85 84 83 82 81 81 80 79 78 77 76 75 74 73 72 72 71 70 69 68 67 66 66 65 64 63 62 61 60 60 59 58 57 56 56 55 54 53 52 52 51 50 50 49 48 47 47 46 45 45 44 43 43 42 42 41 40 40 39 39 38 38 38 37 37 36 36 36 35 35 35 35 35 34 34 34 34 34 34
-9999 -9999 -9999 -9999 -9999 -9999 -9999 94 93 92 91 90 89 88 87 87 86 85 84 83 82 81 80 79 78 77 76 76 75 74 73 72 71 70 69 68 68 67 66 65 64 63 62 62 61 60 59 58 57 57 56 55 54 53 53 52 51 50 50 49 48 47 47 46 45 45 44 43 43 42 41 41 40 40 39 39 38 38 37 37 36 36 35 35 35 34 34 34 34 34 33 33 33 33 33 33
-9999 -9999 -9999 -9999 -9999 -9999 -9999 94 93 92 91 90 89 88 87 86 85 84 83 82 82 81 80 79 78 77 76 75 74 73 72 72 71 70 69 68 67 66 65 64 64 63 62 61 60 59 59 58 57 56 55 54 54 53 52 51 50 50 49 48 47 47 46 45 45 44 43 43 42 41 41 40 39 39 38 38 37 37 36 36 35 35 35 34 34 34 33 33 33 33 32 32 32 32 32 32
-9999 -9999 -9999 -9999 -9999 -9999 -9999 -9999 92 91 90 90 89 88 87 86 85 84 83 82 81 80 79 78 77 77 76 75 74 73 72 71 70 69 68 68 67 66 65 64 63 62 61 61 60 59 58 57 56 55 55 54 53 52 51 51 50 49 48 48 47 46 45 45 44 43 42 42 41 40 40 39 39 38 37 37 36 36 35 35 34 34 34 33 33 33 32 32 32 32 31 31 31 31 31 31
-9999 -9999 -9999 -9999 -9999 -9999 -9999 -9999 92 91 90 89 88 87 86 85 85 84 83 82 81 80 79 78 77 76 75 74 73 72 72 71 70 69 68 67 66 65 64 64 63 62 61 60 59 58 57 57 56 55 54 53 52 52 51 50 49 48 48 47 46 45 45 44 43 42 42 41 40 40 39 38 38 37 37 36 36 35 34 34 34 33 33 32 32 32 31 31 31 31 30 30 30 30 30 30
-9999 -9999 -9999 -9999 -9999 -9999 -9999 -9999 92 91 90 89 88 87 86 85 84 83 82 81 80 79 79 78 77 76 75 74 73 72 71 70 69 68 68 67 66 65 64 63 62 61 60 60 59 58 57 56 55 54 54 53 52 51 50 49 49 48 47 46 45 45 44 43 42 42 41 40 40 39 38 38 37 36 36 35 35 34 34 33 33 32 32 31 31 31 30 30 30 30 29 29 29 29 29 29
-9999 -9999 -9999 -9999 -9999 -9999 -9999 -9999 91 90 89 89 88 87 86 85 84 83 82 81 80 79 78 77 76 75 74 74 73 72 71 70 69 68 67 66 65 64 64 63 62 61 60 59 58 57 56 56 55 54 53 52 51 50 50 49 48 47 46 46 45 44 43 43 42 41 40 40 39 38 38 37 36 36 35 34 34 33 33 32 32 31 31 30 30 30 29 29 29 29 28 28 28 28 28 28
-9999 -9999 -9999 -9999 -9999 -9999 -9999 -9999 91 90 89 88 87 86 85 84 83 83 82 81 80 79 78 77 76 75 74 73 72 71 70 69 69 68 67 66 65 64 63 62 61 60 59 59 58 57 56 55 54 53 52 52 51 50 49 48 47 47 46 45 44 43 43 42 41 40 40 39 38 37 37 36 35 35 34 34 33 32 32 31 31 30 30 30 29 29 28 28 28 28 27 27 27 27 27 27
-9999 -9999 -9999 -9999 -9999 -9999 -9999 -9999 91 90 89 88 87 86 85 84 83 82 81 80 79 78 77 77 76 75 74 73 72 71 70 69 68 67 66 65 64 64 63 62 61 60 59 58 57 56 55 55 54 53 52 51 50 49 49 48 47 46 45 44 44 43 42 41 40 40 39 38 37 37 36 35 35 34 33 33 32 32 31 31 30 30 29 29 28 28 28 27 27 27 26 26 26 26 26 26
-9999 -9999 -9999 -9999 -9999 -9999 -9999 -9999 91 90 89 88 87 86 85 84 83 82 81 80 79 78 77 76 75 74 73 72 72 71 70 69 68 67 66 65 64 63 62 61 60 60 59 58 57 56 55 54 53 52 51 51 50 49 48 47 46 45 45 44 43 42 41 41 40 39 38 38 37 36 35 35 34 33 33 32 31 31 30 30 29 29 28 28 27 27 27 26 26 26 25 25 25 25 25 25
-9999 -9999 -9999 -9999 -9999 -9999 -9999 -9999 90 89 88 87 86 85 84 84 83 82 81 80 79 78 77 76 75 74 73 72 71 70 69 68 67 66 66 65 64 63 62 61 60 59 58 57 56 55 55 54 53 52 51 50 49 48 48 47 46 45 44 43 42 42 41 40 39 38 38 37 36 35 35 34 33 33 32 31 31 30 29 29 28 28 27 27 26 26 26 25 25 25 25 24 24 24 24 24
-9999 -9999 -9999 -9999 -9999 -9999 -9999 -9999 90 89 88 87 86 85 84 83 82 81 80 79 78 77 77 76 75 74 73 72 71 70 69 68 67 66 65 64 63 62 61 61 60 59 58 57 56 55 54 53 52 51 51 50 49 48 47 46 45 44 44 43 42 41 40 39 39 38 37 36 35 35 34 33 33 32 31 30 30 29 29 28 27 27 26 26 25 25 25 24 24 24 24 23 23 23 23 23
-9999 -9999 -9999 -9999 -9999 -9999 -9999 -9999 90 89 88 87 86 85 84 83 82 81 80 79 78 77 76 75 74 73 72 71 71 70 69 68 67 66 65 64 63 62 61 60 59 58 57 56 56 55 54 53 52 51 50 49 48 47 47 46 45 44 43 42 41 40 40 39 38 37 36 36 35 34 33 33 32 31 30 30 29 28 28 27 27 26 26 25 25 24 24 23 23 23 23 22 22 22 22 22
-9999 -9999 -9999 -9999 -9999 -9999 -9999 -9999 89 89 88 87 86 85 84 83 82 81 80 79 78 77 76 75 74 73 72 71 70 69 68 67 66 65 65 64 63 62 61 60 59 58 57 56 55 54 53 52 51 51 50 49 48 47 46 45 44 43 43 42 41 40 39 38 37 37 36 35 34 33 33 32 31 30 30 29 28 28 27 26 26 25 25 24 24 23 23 22 22 22 22 21 21 21 21 21
-9999 -9999 -9999 -9999 -9999 -9999 -9999 -9999 89 88 87 86 85 84 83 82 81 81 80 79 78 77 76 75 74 73 72 71 70 69 68 67 66 65 64 63 62 61 60 59 59 58 57 56 55 54 53 52 51 50 49 48 47 47 46 45 44 43 42 41 40 39 39 38 37 36 35 34 34 33 32 31 30 30 29 28 28 27 26 26 25 24 24 23 23 22 22 22 21 21 21 20 20 20 20 20
-9999 -9999 -9999 -9999 -9999 -9999 -9999 -9999 89 88 87 86 85 84 83 82 81 80 79 78 77 76 75 74 73 73 72 71 70 69 68 67 66 65 64 63 62 61 60 59 58 57 56 55 54 53 53 52 51 50 49 48 47 46 45 44 43 42 42 41 40 39 38 37 36 36 35 34 33 32 31 31 30 29 28 28 27 26 25 25 24 24 23 22 22 21 21 21 20 20 20 19 19 19 19 19
-9999 -9999 -9999 -9999 -9999 -9999 -9999 -9999 89 88 87 86 85 84 83 82 81 80 79 78 77 76 75 74 73 72 71 70 69 68 67 66 66 65 64 63 62 61 60 59 58 57 56 55 54 53 52 51 50 49 48 48 47 46 45 44 43 42 41 40 39 38 38 37 36 35 34 33 32 32 31 30 29 28 28 27 26 25 25 24 23 23 22 22 21 21 20 20 19 19 19 18 18 18 18 18
-9999 -9999 -9999 -9999 -9999 -9999 -9999 -9999 89 88 87 86 85 84 83 82 81 80 79 78 77 76 75 74 73 72 71 70 69 68 67 66 65 64 63 62 61 60 59 59 58 57 56 55 54 53 52 51 50 49 48 47 46 45 44 43 43 42 41 40 39 38 37 36 35 34 34 33 32 31 30 29 29 28 27 26 25 25 24 23 23 22 21 21 20 20 19 19 18 18 18 17 17 17 17 17
-9999 -9999 -9999 -9999 -9999 -9999 -9999 -9999 88 87 86 86 85 84 83 82 81 80 79 78 77 76 75 74 73 72 71 70 69 68 67 66 65 64 63 62 61 60 59 58 57 56 55 54 53 52 52 51 50 49 48 47 46 45 44 43 42 41 40 39 38 38 37 36 35 34 33 32 31 31 30 29 28 27 26 26 25 24 23 23 22 21 21 20 19 19 18 18 17 17 17 16 16 16 16 16
-9999 -9999 -9999 -9999 -9999 -9999 -9999 -9999 -9999 87 86 85 84 83 82 81 80 79 78 77 76 76 75 74 73 72 71 70 69 68 67 66 65 64 63 62 61 60 59 58 57 56 55 54 53 52 51 50 49 48 47 46 46 45 44 43 42 41 40 39 38 37 36 35 34 34 33 32 31 30 29 28 27 27 26 25 24 23 23 22 21 21 20 19 19 18 17 17 17 16 16 16 15 15 15 15
-9999 -9999 -9999 -9999 -9999 -9999 -9999 -9999 -9999 87 86 85 84 83 82 81 80 79 78 77 76 75 74 73 72 71 70 69 68 67 66 66 65 64 63 62 61 60 59 58 57 56 55 54 53 52 51 50 49 48 47 46 45 44 43 42 41 40 40 39 38 37 36 35 34 33 32 31 30 30 29 28 27 26 25 24 24 23 22 21 21 20 19 18 18 17 17 16 16 15 15 15 14 14 14 14
-9999 -9999 -9999 -9999 -9999 -9999 -9999 -9999 -9999 87 86 85 84 83 82 81 80 79 78 77 76 75 74 73 72 71 70 69 68 67 66 65 64 63 62 61 60 59 58 57 57 56 55 54 53 52 51 50 49 48 47 46 45 44 43 42 41 40 39 38 37 36 35 35 34 33 32 31 30 29 28 27 26 26 25 24 23 22 21 21 20 19 18 18 17 16 16 15 15 14 14 14 13 13 13 13
-9999 -9999 -9999 -9999 -9999 -9999 -9999 -9999 -9999 87 86 85 84 83 82 81 80 79 78 77 76 75 74 73 72 71 70 69 68 67 66 65 64 63 62 61 60 59 58 57 56 55 54 53 52 51 50 49 49 48 47 46 45 44 43 42 41 40 39 38 37 36 35 34 33 32 31 30 30 29 28 27 26 25 24 23 22 22 21 20 19 18 18 17 16 16 15 14 14 13 13 13 12 12 12 12
-9999 -9999 -9999 -9999 -9999 -9999 -9999 -9999 -9999 87 86 85 84 83 82 81 80 79 78 77 76 75 74 73 72 71 70 69 68 67 66 65 64 63 62 61 60 59 58 57 56 55 54 53 52 51 50 49 48 47 46 45 44 43 42 41 41 40 39 38 37 36 35 34 33 32 31 30 29 28 27 26 25 25 24 23 22 21 20 19 19 18 17 16 16 15 14 14 13 13 12 12 11 11 11 11
-9999 -9999 -9999 -9999 -9999 -9999 -9999 -9999 -9999 87 86 85 84 83 82 81 80 79 78 77 76 75 74 73 72 71 70 69 68 67 66 65 64 63 62 61 60 59 58 57 56 55 54 53 52 51 50 49 48 47 46 45 44 43 42 41 40 39 38 37 36 35 34 34 33 32 31 30 29 28 27 26 25 24 23 22 21 21 20 19 18 17 16 16 15 14 13 13 12 12 11 11 10 10 10 10
-9999 -9999 -9999 -9999 -9999 -9999 -9999 -9999 -9999 86 85 84 83 82 81 81 80 79 78 77 76 75 74 73 72 71 70 69 68 67 66 65 64 63 62 61 60 59 58 57 56 55 54 53 52 51 50 49 48 47 46 45 44 43 42 41 40 39 38 37 36 35 34 33 32 31 30 29 28 28 27 26 25 24 23 22 21 20 19 18 17 17 16 15 14 13 13 12 11 11 10 10 9 9 9 9
-9999 -9999 -9999 -9999 -9999 -9999 -9999 -9999 -9999 86 85 84 83 82 81 80 79 78 77 76 75 74 73 72 71 70 69 68 67 66 65 64 64 63 62 61 60 59 58 57 56 55 54 53 52 51 50 49 48 47 46 45 44 43 42 41 40 39 38 37 36 35 34 33 32 31 30 29 28 27 26 25 24 23 22 22 21 20 19 18 17 16 15 14 14 13 12 11 11 10 9 9 9 8 8 8
-9999 -9999 -9999 -9999 -9999 -9999 -9999 -9999 -9999 86 85 84 83 82 81 80 79 78 77 76 75 74 73 72 71 70 69 68 67 66 65 64 63 62 61 60 59 58 57 56 55 54 53 52 51 50 49 49 48 47 46 45 44 43 42 41 40 39 38 37 36 35 34 33 32 31 30 29 28 27 26 25 24 23 22 21 20 19 18 17 17 16 15 14 13 12 11 11 10 9 9 8 8 7 7 7
-9999 -9999 -9999 -9999 -9999 -9999 -9999 -9999 -9999 86 85 84 83 82 81 80 79 78 77 76 75 74 73 72 71 70 69 68 67 66 65 64 63 62 61 60 59 58 57 56 55 54 53 52 51 50 49 48 47 46 45 44 43 42 41 40 39 38 37 36 36 35 34 33 32 31 30 29 28 27 26 25 24 23 22 21 20 19 18 17 16 15 14 13 13 12 11 10 9 8 8 7 7 6 6 6
-9999 -9999 -9999 -9999 -9999 -9999 -9999 -9999 -9999 86 85 84 83 82 81 80 79 78 77 76 75 74 73 72 71 70 69 68 67 66 65 64 63 62 61 60 59 58 57 56 55 54 53 52 51 50 49 48 47 46 45 44 43 42 41 40 39 38 37 36 35 34 33 32 31 30 29 28 27 26 25 25 24 23 22 21 20 19 18 17 16 15 14 13 12 11 10 9 9 8 7 6 6 5 5 5
-9999 -9999 -9999 -9999 -9999 -9999 -9999 -9999 -9999 86 85 84 83 82 81 80 79 78 77 76 75 74 73 72 71 70 69 68 67 66 65 64 63 62 61 60 59 58 57 56 55 54 53 52 51 50 49 48 47 46 45 44 43 42 41 40 39 38 37 36 35 34 33 32 31 30 29 28 27 26 25 24 23 22 21 20 19 18 17 16 16 15 14 13 12 11 10 9 8 7 6 6 5 4 4 4
-9999 -9999 -9999 -9999 -9999 -9999 -9999 -9999 -9999 86 85 84 83 82 81 80 79 78 77 76 75 74 73 72 71 70 69 68 67 66 65 64 63 62 61 60 59 58 57 56 55 54 53 52 51 50 49 48 47 46 45 44 43 42 41 40 39 38 37 36 35 34 33 32 31 30 29 28 27 26 25 24 23 22 21 20 19 18 17 16 15 14 13 12 11 10 9 9 8 7 6 5 4 4 3 3
-9999 -9999 -9999 -9999 -9999 -9999 -9999 -9999 -9999 86 85 84 83 82 81 80 79 78 77 76 75 74 73 72 71 70 69 68 67 66 65 64 63 62 61 60 59 58 57 56 55 54 53 52 51 50 49 48 47 46 45 44 43 42 41 40 39 38 37 36 35 34 33 32 31 30 29 28 27 26 25 24 23 22 21 20 19 18 17 16 15 14 13 12 11 10 9 8 7 6 5 4 4 3 2 2
-9999 -9999 -9999 -9999 -9999 -9999 -9999 -9999 -9999 86 85 84 83 82 81 80 79 78 77 76 75 74 73 72 71 70 69 68 67 66 65 64 63 62 61 60 59 58 57 56 55 54 53 52 51 50 49 48 47 46 45 44 43 42 41 40 39 38 37 36 35 34 33 32 31 30 29 28 27 26 25 24 23 22 21 20 19 18 17 16 15 14 13 12 11 10 9 8 7 6 5 4 3 2 1 1
-9999 -9999 -9999 -9999 -9999 -9999 -9999 -9999 -9999 86 85 84 83 82 81 80 79 78 77 76 75 74 73 72 71 70 69 68 67 66 65 64 63 62 61 60 59 58 57 56 55 54 53 52 51 50 49 48 47 46 45 44 43 42 41 40 39 38 37 36 35 34 33 32 31 30 29 28 27 26 25 24 23 22 21 20 19 18 17 16 15 14 13 12 11 10 9 8 7 6 5 4 3 2 1 0
-9999 -9999 -9999 -9999 -9999 -9999 -9999 -9999 -9999 -9999 85 84 83 82 81 80 79 78 77 76 75 74 73 72 71 70 69 68 67 66 65 64 63 62 61 60 59 58 57 56 55 54 53 52 51 50 49 48 47 46 45 44 43 42 41 40 39 38 37 36 35 34 33 32 31 30 29 28 27 26 25 24 23 22 21 20 19 18 17 16 15 14 13 12 11 10 9 8 7 6 5 4 3 2 1 0
-9999 -9999 -9999 -9999 -9999 -9999 -9999 -9999 -9999 -9999 85 84 83 82 81 80 79 78 77 76 75 74 73 72 71 70 69 68 67 66 65 64 63 62 61 60 59 58 57 56 55 54 53 52 51 50 49 48 47 46 45 44 43 42 41 40 39 38 37 36 35 34 33 32 31 30 29 28 27 26 25 24 23 22 21 20 19 18 17 16 15 14 13 12 11 10 9 8 7 6 5 4 3 2 1 0
-9999 -9999 -9999 -9999 -9999 -9999 -9999 -9999 -9999 -9999 85 84 83 82 81 80 79 78 77 76 75 74 73 72 71 70 69 68 67 66 65 64 63 62 61 60 59 58 57 56 55 54 53 52 51 50 49 48 47 46 45 44 43 42 41 40 39 38 37 36 35 34 33 32 31 30 29 28 27 26 25 24 23 22 21 20 19 18 17 16 15 14 13 12 11 10 9 8 7 6 5 4 3 2 1 1
-9999 -9999 -9999 -9999 -9999 -9999 -9999 -9999 -9999 -9999 85 84 83 82 81 80 79 78 77 76 75 74 73 72 71 70 69 68 67 66 65 64 63 62 61 60 59 58 57 56 55 54 53 52 51 50 49 48 47 46 45 44 43 42 41 40 39 38 37 36 35 34 33 32 31 30 29 28 27 26 25 24 23 22 21 20 19 18 17 16 15 14 13 12 11 10 9 8 7 6 5 4 4 3 2 2
-9999 -9999 -9999 -9999 -9999 -9999 -9999 -9999 -9999 -9999 85 84 83 82 81 80 79 78 77 76 75 74 73 72 71 70 69 68 67 66 65 64 63 62 61 60 59 58 57 56 55 54 53 52 51 50 49 48 47 46 45 44 43 42 41 40 39 38 37 36 35 34 33 32 31 30 29 28 27 26 25 24 23 22 21 20 19 18 17 16 15 14 13 12 11 10 9 9 8 7 6 5 4 4 3 2
-9999 -9999 -9999 -9999 -9999 -9999 -9999 -9999 -9999 -9999 85 84 83 82 81 80 79 78 77 76 75 74 73 72 71 70 69 68 67 66 65 64 63 62 61 60 59 58 57 56 55 54 53 52 51 50 49 48 47 46 45 44 43 42 41 40 39 38 37 36 35 34 33 32 31 30 29 28 27 26 25 24 23 22 21 20 19 18 17 16 16 15 14 13 12 11 10 9 8 7 6 6 5 4 4 3
-9999 -9999 -9999 -9999 -9999 -9999 -9999 -9999 -9999 -9999 85 84 83 82 81 80 79 78 77 76 75 74 73 72 71 70 69 68 67 66 65 64 63 62 61 60 59 58 57 56 55 54 53 52 51 50 49 48 47 46 45 44 43 42 41 40 39 38 37 36 35 34 33 32 31 30 29 28 27 26 25 25 24 23 22 21 20 19 18 17 16 15 14 13 12 11 10 9 9 8 7 6 6 5 4 4
-9999 -9999 -9999 -9999 -9999 -9999 -9999 -9999 -9999 -9999 85 84 83 82 81 80 79 78 77 76 75 74 73 72 71 70 69 68 67 66 65 64 63 62 61 60 59 58 57 56 55 54 53 52 51 50 49 48 47 46 45 44 43 42 41 40 39 38 37 36 36 35 34 33 32 31 30 29 28 27 26 25 24 23 22 21 20 19 18 17 16 15 14 13 13 12 11 10 9 8 8 7 6 6 5 4
-9999 -9999 -9999 -9999 -9999 -9999 -9999 -9999 -9999 -9999 85 84 83 82 81 80 79 78 77 76 75 74 73 72 71 70 69 68 67 66 65 64 63 62 61 60 59 58 57 56 55 54 53 52 51 50 49 49 48 47 46 45 44 43 42 41 40 39 38 37 36 35 34 33 32 31 30 29 28 27 26 25 24 23 22 21 20 19 18 17 17 16 15 14 13 12 11 11 10 9 9 8 7 6 6 5
-9999 -9999 -9999 -9999 -9999 -9999 -9999 -9999 -9999 -9999 85 84 83 82 81 80 79 78 77 76 75 74 73 72 71 70 69 68 67 66 65 64 64 63 62 61 60 59 58 57 56 55 54 53 52 51 50 49 48 47 46 45 44 43 42 41 40 39 38 37 36 35 34 33 32 31 30 29 28 27 26 25 24 23 22 22 21 20 19 18 17 16 15 14 14 13 12 11 11 10 9 8 8 7 6 5
-9999 -9999 -9999 -9999 -9999 -9999 -9999 -9999 -9999 -9999 85 84 83 82 81 81 80 79 78 77 76 75 74 73 72 71 70 69 68 67 66 65 64 63 62 61 60 59 58 57 56 55 54 53 52 51 50 49 48 47 46 45 44 43 42 41 40 39 38 37 36 35 34 33 32 31 30 29 28 28 27 26 25 24 23 22 21 20 19 18 17 17 16 15 14 13 13 12 11 11 10 9 8 7 6 5
-9999 -9999 -9999 -9999 -9999 -9999 -9999 -9999 -9999 -9999 86 85 84 83 82 81 80 79 78 77 76 75 74 73 72 71 70 69 68 67 66 65 64 63 62 61 60 59 58 57 56 55 54 53 52 51 50 49 48 47 46 45 44 43 42 41 40 39 38 37 36 35 34 34 33 32 31 30 29 28 27 26 25 24 23 22 21 21 20 19 18 17 16 16 15 14 13 13 12 11 10 9 9 8 7 6
