data/grids/HYDRODIST.asc
NCOLS 822 
NROWS 563 
XLLCORNER -58000 
YLLCORNER 5661000 
CELLSIZE 1000 
NODATA_value -9999 
[rows 110 to 164 of 563, columns 96 to 191 of 822]
42 42 42 42 42 42 43 43 43 43 43 44 44 44 45 45 45 46 46 46 45 45 44 43 43 42 41 41 40 39 39 38 38 37 37 36 36 35 35 35 34 34 34 33 33 33 33 32 32 32 32 32 32 32 32 32 32 32 33 33 33 33 34 34 34 34 35 35 35 35 35 36 36 36 37 37 38 38 38 39 39 40 40 41 42 41 40 39 38 37 36 35 34 33 32 31
41 41 41 41 41 41 42 42 42 42 42 43 43 43 44 44 44 45 45 46 46 45 45 44 43 43 42 41 41 40 40 39 39 38 38 37 37 36 36 35 35 35 34 34 34 34 34 33 33 33 33 33 33 33 33 33 33 33 34 34 34 34 34 35 35 35 36 36 36 36 36 37 37 37 38 38 38 39 39 40 40 41 41 42 42 41 40 39 38 37 36 35 34 33 32 31
40 40 40 40 40 40 41 41 41 41 41 42 42 42 43 43 43 44 44 45 45 46 45 45 44 43 43 42 42 41 40 40 39 39 38 38 38 37 37 36 36 36 35 35 35 35 35 34 34 34 34 34 34 34 34 34 34 34 35 35 35 35 35 36 36 36 36 37 37 37 37 38 38 38 39 39 39 40 40 41 41 42 42 43 42 41 40 39 38 37 36 35 34 33 32 31
39 39 39 39 39 39 40 40 40 40 41 41 41 41 42 42 43 43 43 44 44 45 45 45 45 44 44 43 42 42 41 41 40 40 39 39 38 38 38 37 37 37 36 36 36 36 36 35 35 35 35 35 35 35 35 35 35 35 36 36 36 36 36 37 37 37 37 38 38 38 38 39 39 39 40 40 40 41 41 42 42 43 43 43 42 41 40 39 38 37 36 36 35 34 33 32
38 38 38 38 38 38 39 39 39 39 40 40 40 40 41 41 42 42 42 43 43 44 44 45 45 45 44 44 43 43 42 42 41 41 40 40 39 39 39 38 38 38 37 37 37 37 36 36 36 36 36 36 36 36 36 36 36 36 36 37 37 37 37 38 38 38 38 39 39 39 39 40 40 40 40 41 41 42 42 42 42 42 42 42 41 41 41 40 39 38 37 36 35 34 33 32
37 37 37 37 37 37 38 38 38 38 39 39 39 40 40 40 41 41 42 42 43 43 44 44 45 45 45 45 44 44 43 43 42 42 41 41 40 40 40 39 39 39 38 38 38 38 37 37 37 37 37 37 37 37 37 37 37 37 37 38 38 38 38 39 39 39 39 40 40 40 40 41 41 41 41 42 42 42 42 41 41 41 41 41 40 40 40 40 39 38 37 36 35 34 33 32
36 36 36 36 36 36 37 37 37 37 38 38 38 39 39 39 40 40 41 41 42 42 43 43 44 44 45 45 45 44 44 43 43 42 42 42 41 41 40 40 40 40 39 39 39 39 38 38 38 38 38 38 38 38 38 38 38 38 38 39 39 39 39 40 40 40 40 41 41 41 41 41 42 42 42 42 41 41 41 41 40 40 40 40 39 39 39 39 39 38 37 36 35 34 33 32
35 35 35 35 35 36 36 36 36 36 37 37 37 38 38 38 39 39 40 40 41 41 42 42 43 44 44 45 45 45 45 44 44 43 43 43 42 42 41 41 41 41 40 40 40 40 39 39 39 39 39 39 39 39 39 39 39 39 39 40 40 40 40 41 41 41 41 42 42 42 42 42 42 42 41 41 40 40 40 40 39 39 39 39 38 38 38 38 38 38 37 36 35 34 34 33
34 34 34 34 34 35 35 35 35 35 36 36 36 37 37 38 38 38 39 39 40 40 41 42 42 43 43 44 45 45 46 45 45 44 44 43 43 43 42 42 42 41 41 41 41 41 40 40 40 40 40 40 40 40 40 40 40 40 40 41 41 41 41 41 42 42 42 43 43 42 42 42 41 41 40 40 40 39 39 39 38 38 38 38 37 37 37 37 37 37 37 37 36 35 34 33
33 33 33 33 33 34 34 34 34 34 35 35 35 36 36 37 37 38 38 39 39 40 40 41 41 42 43 43 44 44 45 45 46 45 45 44 44 44 43 43 43 42 42 42 42 42 41 41 41 41 41 41 41 41 41 41 41 41 41 42 42 42 42 42 43 43 43 43 42 42 41 41 40 40 39 39 39 38 38 38 37 37 37 37 36 36 36 36 36 36 36 36 36 35 34 33
32 32 32 32 32 33 33 33 33 34 34 34 35 35 35 36 36 37 37 38 38 39 39 40 41 41 42 43 43 44 44 45 45 46 46 45 45 45 44 44 44 43 43 43 43 43 42 42 42 42 42 42 42 42 42 42 42 42 42 43 43 43 43 43 43 43 42 42 41 41 40 40 39 39 38 38 38 37 37 37 36 36 36 36 36 35 35 35 35 35 35 35 35 35 34 34
31 31 31 31 31 32 32 32 32 33 33 33 34 34 34 35 35 36 36 37 37 38 39 39 40 40 41 42 42 43 43 44 44 45 46 46 46 46 45 45 45 44 44 44 44 44 43 43 43 43 43 43 43 43 43 43 43 43 43 44 44 44 44 43 42 42 41 41 40 40 39 39 38 38 38 37 37 36 36 36 35 35 35 35 35 34 34 34 34 34 34 34 34 34 34 34
30 30 30 30 30 31 31 31 31 32 32 32 33 33 34 34 34 35 36 36 37 37 38 38 39 40 40 41 41 42 42 43 44 44 45 45 46 46 46 46 46 45 45 45 45 45 44 44 44 44 44 44 44 44 44 44 44 44 44 45 44 43 43 42 42 41 40 40 39 39 38 38 38 37 37 36 36 35 35 35 34 34 34 34 34 33 33 33 33 33 33 33 33 33 33 33
29 29 29 29 29 30 30 30 30 31 31 31 32 32 33 33 34 34 35 35 36 36 37 38 38 39 39 40 40 41 42 42 43 43 44 45 45 46 47 47 47 46 46 46 46 46 45 45 45 45 45 45 45 45 45 45 45 45 45 44 43 43 42 41 41 40 40 39 39 38 38 37 37 36 36 35 35 35 34 34 34 33 33 33 33 32 32 32 32 32 32 32 32 32 32 32
28 28 28 28 28 29 29 29 29 30 30 30 31 31 32 32 33 33 34 34 35 36 36 37 38 38 39 39 40 40 41 41 42 43 43 44 45 45 46 47 47 47 47 47 47 47 46 46 46 46 46 46 46 46 46 46 45 45 44 43 43 42 41 41 40 39 39 38 38 37 37 36 36 35 35 34 34 34 33 33 33 32 32 32 32 31 31 31 31 31 31 31 31 31 31 31
27 27 27 27 27 28 28 28 28 29 29 30 30 30 31 31 32 32 33 34 34 35 35 36 37 37 38 38 39 39 40 41 41 42 43 43 44 45 45 46 47 47 48 48 48 48 47 47 47 47 47 47 47 47 46 45 45 44 43 42 42 41 40 40 39 39 38 37 37 36 36 35 35 34 34 34 33 33 32 32 32 31 31 31 31 30 30 30 30 30 30 30 30 30 30 30
26 26 26 26 26 27 27 27 28 28 28 29 29 30 30 31 31 32 32 33 33 34 35 35 36 36 37 37 38 39 39 40 40 41 42 42 43 44 45 45 46 47 48 48 49 49 48 48 48 48 48 48 47 46 45 45 44 43 42 42 41 40 40 39 38 38 37 37 36 36 35 34 34 34 33 33 32 32 31 31 31 30 30 30 30 29 29 29 29 29 29 29 29 29 29 29
25 25 25 25 25 26 26 26 27 27 27 28 28 29 29 30 30 31 31 32 33 33 34 34 35 36 36 37 37 38 38 39 40 40 41 42 42 43 44 45 45 46 47 48 48 49 49 49 49 49 48 47 46 45 45 44 43 42 42 41 40 40 39 38 38 37 36 36 35 35 34 34 33 33 32 32 31 31 30 30 30 29 29 29 29 28 28 28 28 28 28 28 28 28 28 28
24 24 24 24 25 25 25 25 26 26 26 27 27 28 28 29 29 30 31 31 32 33 33 34 34 35 35 36 36 37 38 38 39 40 40 41 42 42 43 44 45 45 46 47 48 49 49 50 49 48 47 46 46 45 44 43 43 42 41 40 40 39 38 38 37 36 36 35 34 34 33 33 32 32 31 31 30 30 30 29 29 28 28 28 28 27 27 27 27 27 27 27 27 27 27 27
23 23 23 23 24 24 24 24 25 25 25 26 26 27 27 28 29 29 30 30 31 32 32 33 33 34 34 35 36 36 37 38 38 39 40 40 41 42 43 43 44 45 46 46 47 48 49 49 48 47 47 46 45 44 43 43 42 41 40 40 39 38 37 37 36 35 35 34 34 33 32 32 31 31 30 30 30 29 29 28 28 28 27 27 27 26 26 26 26 26 26 26 26 26 26 26
22 22 22 22 23 23 23 23 24 24 25 25 26 26 27 27 28 28 29 30 30 31 31 32 32 33 34 34 35 35 36 37 37 38 39 40 40 41 42 43 43 44 45 46 47 47 48 49 48 47 46 45 44 44 43 42 41 40 40 39 38 37 37 36 35 35 34 33 33 32 32 31 31 30 30 29 29 28 28 27 27 27 26 26 26 25 25 25 25 25 25 25 25 25 25 25
21 21 21 21 22 22 22 22 23 23 24 24 25 25 26 26 27 28 28 29 30 30 31 31 32 32 33 33 34 35 35 36 37 37 38 39 40 40 41 42 43 44 44 45 46 47 48 48 47 46 45 45 44 43 42 41 41 40 39 38 38 37 36 35 35 34 33 33 32 31 31 30 30 29 29 28 28 27 27 26 26 26 25 25 25 25 24 24 24 24 24 24 24 24 24 24
20 20 20 20 21 21 21 22 22 22 23 23 24 24 25 26 26 27 28 28 29 29 30 30 31 31 32 33 33 34 35 35 36 37 38 38 39 40 41 41 42 43 44 45 45 46 47 48 47 46 45 44 43 42 42 41 40 39 38 38 37 36 35 35 34 33 33 32 31 31 30 29 29 28 28 27 27 26 26 25 25 25 24 24 24 24 23 23 23 23 23 23 23 23 23 23
19 19 19 19 20 20 20 21 21 21 22 22 23 24 24 25 25 26 27 27 28 28 29 29 30 31 31 32 33 33 34 35 35 36 37 38 38 39 40 41 42 42 43 44 45 46 47 47 46 45 44 44 43 42 41 40 39 39 38 37 36 35 35 34 33 33 32 31 30 30 29 29 28 27 27 26 26 25 25 25 24 24 23 23 23 23 22 22 22 22 22 22 22 22 22 22
18 18 18 18 19 19 19 20 20 21 21 22 22 23 23 24 25 25 26 26 27 27 28 29 29 30 30 31 32 33 33 34 35 35 36 37 38 39 39 40 41 42 43 44 44 45 46 47 46 45 44 43 42 41 40 40 39 38 37 36 36 35 34 33 33 32 31 30 30 29 28 28 27 27 26 26 25 25 24 24 23 23 22 22 22 22 21 21 21 21 21 21 21 21 21 21
17 17 17 17 18 18 18 19 19 20 20 21 21 22 23 23 24 25 25 26 26 27 27 28 28 29 30 30 31 32 33 33 34 35 36 36 37 38 39 40 40 41 42 43 44 45 45 46 45 44 43 43 42 41 40 39 38 37 37 36 35 34 33 33 32 31 30 30 29 28 28 27 26 26 25 25 24 24 23 23 22 22 22 21 21 21 20 20 20 20 20 20 20 20 20 20
16 16 16 16 17 17 17 18 18 19 19 20 21 21 22 23 23 24 24 25 25 26 26 27 28 28 29 30 30 31 32 33 33 34 35 36 37 37 38 39 40 41 42 43 43 44 45 46 45 44 43 42 41 40 39 39 38 37 36 35 34 34 33 32 31 30 30 29 28 28 27 26 26 25 24 24 23 23 22 22 21 21 21 20 20 20 19 19 19 19 19 19 19 19 19 19
15 15 15 16 16 16 17 17 17 18 19 19 20 21 21 22 22 23 23 24 24 25 26 26 27 28 28 29 30 30 31 32 33 34 34 35 36 37 38 39 39 40 41 42 43 43 44 45 44 43 42 42 41 40 39 38 37 36 36 35 34 33 32 31 31 30 29 28 28 27 26 25 25 24 24 23 22 22 21 21 21 20 20 19 19 19 18 18 18 18 18 18 18 18 18 18
14 14 14 15 15 15 16 16 17 17 18 18 19 20 21 21 21 22 22 23 24 24 25 25 26 27 28 28 29 30 31 31 32 33 34 35 36 36 37 38 39 40 40 41 42 43 44 44 44 43 42 41 40 39 38 38 37 36 35 34 33 32 32 31 30 29 28 28 27 26 25 25 24 23 23 22 22 21 21 20 20 19 19 18 18 18 17 17 17 17 17 17 17 17 17 17
13 13 13 14 14 14 15 15 16 16 17 18 18 19 20 20 21 21 22 22 23 23 24 25 25 26 27 28 28 29 30 31 32 32 33 34 35 36 37 38 38 39 40 41 41 42 43 44 43 43 42 41 40 39 38 37 36 35 34 34 33 32 31 30 29 29 28 27 26 25 25 24 23 23 22 21 21 20 20 19 19 18 18 17 17 17 16 16 16 16 16 16 16 16 16 16
12 12 12 13 13 13 14 14 15 16 16 17 18 18 19 19 20 20 21 21 22 23 23 24 25 25 26 27 28 29 29 30 31 32 33 34 34 35 36 37 38 38 39 40 41 42 42 43 43 42 41 40 39 38 38 37 36 35 34 33 32 31 31 30 29 28 27 26 26 25 24 23 23 22 21 21 20 19 19 18 18 17 17 17 16 16 16 15 15 15 15 15 15 15 15 15
11 11 11 12 12 13 13 14 14 15 16 16 17 17 18 18 19 19 20 21 21 22 23 23 24 25 26 26 27 28 29 30 31 31 32 33 34 35 35 36 37 38 39 39 40 41 42 43 43 42 41 40 39 38 37 36 35 34 34 33 32 31 30 29 28 27 27 26 25 24 23 23 22 21 21 20 19 19 18 17 17 17 16 16 15 15 15 14 14 14 14 14 14 14 14 14
10 10 10 11 11 12 12 13 13 14 15 16 16 17 17 17 18 19 19 20 21 21 22 23 23 24 25 26 27 27 28 29 30 31 32 33 33 34 35 36 36 37 38 39 40 40 41 42 42 41 40 40 39 38 37 36 35 34 33 32 31 30 30 29 28 27 26 25 24 24 23 22 21 21 20 19 18 18 17 17 16 16 15 15 14 14 14 13 13 13 13 13 13 13 13 13
9 9 9 10 10 11 11 12 13 13 14 15 15 16 16 17 17 18 18 19 20 21 21 22 23 24 24 25 26 27 28 29 30 30 31 32 33 33 34 35 36 37 37 38 39 40 41 42 42 41 40 39 38 37 36 35 35 34 33 32 31 30 29 28 27 26 26 25 24 23 22 21 21 20 19 18 18 17 16 16 15 15 14 14 13 13 13 12 12 12 12 12 12 12 12 12
8 8 9 9 9 10 11 11 12 13 13 14 14 15 15 16 16 17 18 18 19 20 21 21 22 23 24 25 26 26 27 28 29 30 30 31 32 33 34 34 35 36 37 38 39 39 40 41 42 41 40 39 38 37 36 35 34 33 32 31 30 30 29 28 27 26 25 24 23 22 22 21 20 19 18 18 17 16 16 15 14 14 13 13 13 12 12 11 11 11 11 11 11 11 11 11
7 7 8 8 9 9 10 11 11 12 13 13 13 14 14 15 16 16 17 18 18 19 20 21 22 22 23 24 25 26 27 28 28 29 30 31 31 32 33 34 35 36 36 37 38 39 40 41 41 41 40 39 38 37 36 35 34 33 32 31 30 29 28 27 26 25 25 24 23 22 21 20 19 19 18 17 16 16 15 14 14 13 13 12 12 11 11 10 10 10 10 10 10 10 10 10
6 6 7 7 8 8 9 10 11 11 12 12 13 13 14 14 15 16 16 17 18 19 19 20 21 22 23 24 25 25 26 27 28 28 29 30 31 32 32 33 34 35 36 37 38 38 39 40 41 40 39 38 37 36 35 34 34 33 32 31 30 29 28 27 26 25 24 23 22 21 21 20 19 18 17 16 16 15 14 13 13 12 12 11 11 10 10 9 9 9 9 9 9 9 9 9
5 5 6 6 7 8 9 9 10 10 11 11 12 12 13 13 14 15 16 16 17 18 19 20 21 21 22 23 24 25 25 26 27 28 29 29 30 31 32 33 34 34 35 36 37 38 39 40 41 40 39 38 37 36 35 34 33 32 31 30 29 28 28 27 26 25 24 23 22 21 20 19 18 17 17 16 15 14 13 13 12 11 11 10 10 9 9 9 8 8 8 8 8 8 8 9
4 4 5 6 6 7 8 8 9 9 10 10 11 11 12 13 13 14 15 16 17 17 18 19 20 21 22 23 23 24 25 26 26 27 28 29 30 31 31 32 33 34 35 36 37 38 38 39 40 40 39 38 37 36 35 34 33 32 31 30 29 28 27 26 25 24 23 22 22 21 20 19 18 17 16 15 14 14 13 12 11 11 10 9 9 9 8 8 7 7 7 7 7 7 7 8
3 4 4 5 6 6 7 8 8 9 9 9 10 11 11 12 13 14 14 15 16 17 18 19 20 21 21 22 23 23 24 25 26 27 27 28 29 30 31 32 33 34 34 35 36 37 38 39 39 39 39 38 37 36 35 34 33 32 31 30 29 28 27 26 25 24 23 22 21 20 19 18 17 17 16 15 14 13 12 11 11 10 9 9 8 8 7 7 6 6 6 6 6 6 6 7
2 3 4 4 5 6 6 7 7 8 8 9 9 10 11 11 12 13 14 15 16 17 17 18 19 20 21 21 22 23 24 24 25 26 27 28 29 30 30 31 32 33 34 35 36 37 38 38 38 38 38 37 36 36 35 34 33 32 31 30 29 28 27 26 25 24 23 22 21 20 19 18 17 16 15 14 13 13 12 11 10 9 8 8 7 7 6 6 5 5 5 5 5 5 5 6
1 2 3 4 4 5 6 6 6 7 7 8 8 9 10 11 12 13 13 14 15 16 17 18 18 19 20 21 21 22 23 24 25 26 26 27 28 29 30 31 32 33 34 35 35 36 37 37 37 37 37 37 36 35 34 33 32 31 30 29 28 27 26 25 25 24 23 22 21 20 19 18 17 16 15 14 13 12 11 10 9 9 8 7 6 6 5 5 4 4 4 4 4 4 4 5
1 2 2 3 4 4 5 5 5 6 6 7 8 9 9 10 11 12 13 14 15 16 16 17 18 18 19 20 21 22 22 23 24 25 26 27 28 29 30 30 31 32 33 34 35 36 36 36 36 36 36 37 36 35 34 33 32 31 30 29 28 27 26 25 24 23 22 21 20 19 18 17 16 16 15 14 13 12 11 10 9 8 7 6 6 5 4 4 4 3 3 3 3 3 4 4
1 1 1 2 3 4 4 4 4 5 6 6 7 8 9 10 11 12 13 14 14 15 16 16 17 18 19 19 20 21 22 23 24 25 25 26 27 28 29 30 31 32 33 34 35 35 35 35 35 35 36 36 36 35 34 33 32 31 30 29 28 27 26 25 24 23 22 21 20 19 18 17 16 15 14 13 12 11 10 9 9 8 7 6 5 4 4 3 3 2 2 2 2 2 3 4
0 0 1 2 3 3 3 3 4 4 5 6 7 8 9 9 10 11 12 13 13 14 15 16 16 17 18 19 20 21 21 22 23 24 25 26 27 28 29 30 31 32 33 34 34 34 34 34 34 34 35 35 35 35 34 33 32 31 30 29 28 27 26 25 24 23 22 21 20 19 18 17 16 15 14 13 12 11 10 9 8 7 6 5 4 4 3 2 2 1 1 1 1 1 2 3
1 0 1 2 2 2 2 2 3 4 4 5 6 7 8 9 10 11 11 12 13 13 14 15 16 17 17 18 19 20 21 22 23 24 25 26 27 28 28 29 30 31 32 33 33 33 33 33 33 33 34 34 34 34 34 33 32 31 30 29 28 27 26 25 24 23 22 21 20 19 18 17 16 15 14 13 12 11 10 9 8 7 6 5 4 3 2 1 1 1 0 0 0 1 1 2
1 0 1 2 1 1 1 1 2 3 4 5 6 7 8 9 9 10 11 11 12 13 14 14 15 16 17 18 19 20 21 22 22 23 24 25 26 27 28 29 30 31 32 32 32 32 32 32 32 32 33 33 33 33 34 33 32 31 30 29 28 27 26 25 24 23 22 21 20 19 18 17 16 15 14 13 12 11 10 9 8 7 6 5 4 3 2 1 0 0 0 0 0 0 1 2
1 1 1 1 1 0 0 1 2 3 4 5 6 7 8 8 9 9 10 11 11 12 13 14 15 16 17 17 18 19 20 21 22 23 24 25 26 27 28 29 30 31 31 31 31 31 31 31 31 31 32 32 32 32 33 33 32 31 30 29 28 27 26 25 24 23 22 21 20 19 18 17 16 15 14 13 12 11 10 9 8 7 6 5 4 3 2 1 0 1 1 1 1 0 1 1
2 2 1 0 0 0 0 1 2 3 4 4 5 6 7 7 8 8 9 10 11 12 13 13 14 15 16 17 18 19 20 21 22 23 24 25 26 27 28 29 30 30 30 30 30 30 30 30 30 30 31 31 31 31 32 32 32 31 30 29 28 27 26 25 24 23 22 21 20 19 18 17 16 15 14 13 12 11 10 9 8 7 6 5 4 3 2 1 1 1 2 2 1 0 0 1
3 2 1 1 0 0 1 1 1 2 3 4 5 5 6 6 7 8 9 9 10 11 12 13 14 15 16 17 18 19 20 21 22 23 24 25 25 26 27 28 29 29 29 29 29 29 29 29 29 29 30 30 30 30 31 31 31 31 30 29 28 27 26 25 24 23 22 21 20 19 18 17 16 15 14 13 12 11 10 9 8 7 6 5 4 4 3 2 2 2 3 2 1 0 0 1
4 3 2 1 0 0 0 0 1 2 3 4 4 4 5 6 6 7 8 9 10 11 12 13 14 15 16 16 17 18 19 20 21 22 23 24 25 26 27 28 28 28 28 28 28 28 28 28 28 28 29 29 29 29 30 30 30 31 30 29 28 27 26 25 24 23 22 21 20 19 18 17 16 15 14 13 12 11 10 9 9 8 7 6 5 4 4 3 3 3 3 2 1 1 1 0
4 3 2 1 0 0 0 0 1 1 2 3 3 4 4 5 6 7 8 9 9 10 11 12 13 14 15 16 17 18 19 20 21 22 23 24 25 26 27 27 27 27 27 27 27 27 27 27 27 27 28 28 28 28 29 29 30 30 30 29 28 27 26 25 24 23 22 21 20 19 18 17 16 16 15 14 13 12 11 10 9 8 7 6 6 5 4 4 4 4 4 3 2 2 1 1
4 3 2 1 1 1 1 0 0 1 1 2 2 3 4 4 5 6 7 8 9 10 11 12 13 14 15 16 17 18 19 20 21 22 23 24 25 26 27 26 26 26 26 26 26 26 26 26 26 26 27 27 27 28 28 28 29 29 30 29 28 27 26 25 25 24 23 22 21 20 19 18 17 16 15 14 13 12 11 10 9 9 8 7 6 6 5 5 5 5 4 4 3 3 2 2
4 4 3 2 2 2 1 0 0 0 1 1 1 2 3 4 5 6 7 8 9 10 11 12 13 14 15 16 17 18 19 20 21 22 23 24 25 26 26 25 25 25 25 25 25 25 25 25 25 25 26 26 26 27 27 27 28 28 29 29 29 28 27 26 25 24 23 22 21 20 19 18 17 16 15 14 13 13 12 11 10 9 8 8 7 7 6 6 6 6 5 4 4 4 3 3
5 4 4 3 3 2 1 1 1 0 0 0 1 2 3 4 5 6 7 8 9 10 11 12 13 14 15 16 17 18 19 20 21 22 23 24 25 25 25 25 24 24 24 24 24 24 24 24 24 25 25 25 25 26 26 26 27 27 28 28 29 28 27 26 25 24 23 22 21 20 19 18 17 17 16 15 14 13 12 11 11 10 9 9 8 8 7 7 7 6 6 5 5 4 4 4
