data/grids/HYDRODIST.asc
NCOLS 822 
NROWS 563 
XLLCORNER -58000 
YLLCORNER 5661000 
CELLSIZE 1000 
NODATA_value -9999 
[rows 330 to 384 of 563, columns 0 to 95 of 822]
-9999 -9999 -9999 -9999 -9999 -9999 -9999 -9999 -9999 -9999 -9999 -9999 -9999 -9999 -9999 -9999 -9999 -9999 -9999 -9999 -9999 43 42 42 41 40 40 39 39 38 37 37 36 36 35 35 34 34 33 33 32 32 31 31 30 30 29 29 28 28 28 27 27 27 26 26 26 26 26 26 26 26 25 24 24 23 23 22 22 22 21 21 21 20 20 20 19 19 19 19 18 18 18 18 18 18 18 18 18 19 19 19 18 18 17 16
-9999 -9999 -9999 -9999 -9999 -9999 -9999 -9999 -9999 -9999 -9999 -9999 -9999 -9999 -9999 -9999 -9999 -9999 -9999 -9999 -9999 42 42 41 40 40 39 38 38 37 37 36 36 35 34 34 33 33 32 32 31 31 30 30 29 29 28 28 27 27 27 26 26 26 25 25 25 25 25 25 25 25 24 24 23 22 22 21 21 21 20 20 20 19 19 19 18 18 18 18 17 17 17 17 17 17 17 17 17 18 18 18 17 17 16 16
-9999 -9999 -9999 -9999 -9999 -9999 -9999 -9999 -9999 -9999 -9999 -9999 -9999 -9999 -9999 -9999 -9999 -9999 -9999 -9999 -9999 42 41 40 40 39 38 38 37 36 36 35 35 34 34 33 32 32 31 31 30 30 29 29 28 28 27 27 26 26 26 25 25 25 25 24 24 24 24 24 24 24 23 23 22 22 21 21 20 20 19 19 19 18 18 18 17 17 17 17 16 16 16 16 16 16 16 16 16 17 17 17 17 16 16 15
-9999 -9999 -9999 -9999 -9999 -9999 -9999 -9999 -9999 -9999 -9999 -9999 -9999 -9999 -9999 -9999 -9999 -9999 -9999 -9999 -9999 41 40 40 39 38 38 37 36 36 35 34 34 33 33 32 32 31 31 30 30 29 29 28 27 27 26 26 25 25 25 24 24 24 24 23 23 23 23 23 23 23 23 22 21 21 20 20 19 19 18 18 18 17 17 17 16 16 16 16 16 15 15 15 15 15 15 15 16 16 16 16 16 15 15 14
-9999 -9999 -9999 -9999 -9999 -9999 -9999 -9999 -9999 -9999 -9999 -9999 -9999 -9999 -9999 -9999 -9999 -9999 -9999 -9999 -9999 40 40 39 38 37 37 36 35 35 34 34 33 32 32 31 31 30 30 29 29 28 28 27 27 26 26 25 25 24 24 23 23 23 23 22 22 22 22 22 22 22 22 21 21 20 19 19 18 18 17 17 17 16 16 16 16 15 15 15 15 14 14 14 14 14 14 14 15 15 15 15 15 14 14 13
-9999 -9999 -9999 -9999 -9999 -9999 -9999 -9999 -9999 -9999 -9999 -9999 -9999 -9999 -9999 -9999 -9999 -9999 -9999 -9999 -9999 40 39 38 37 37 36 35 35 34 33 33 32 32 31 31 30 29 29 28 28 27 27 26 26 25 25 24 24 23 23 22 22 22 22 21 21 21 21 21 21 21 21 21 20 19 19 18 17 17 17 16 16 16 15 15 15 14 14 14 14 13 13 13 13 13 13 13 14 14 14 14 14 13 13 13
-9999 -9999 -9999 -9999 -9999 -9999 -9999 -9999 -9999 -9999 -9999 -9999 -9999 -9999 -9999 -9999 -9999 -9999 -9999 -9999 -9999 39 38 38 37 36 35 35 34 33 33 32 31 31 30 30 29 29 28 27 27 26 26 25 25 24 24 23 23 22 22 22 21 21 21 20 20 20 20 20 20 20 20 20 19 18 18 17 17 16 16 15 15 15 14 14 14 13 13 13 13 12 12 12 12 12 12 12 13 13 13 14 13 13 12 12
-9999 -9999 -9999 -9999 -9999 -9999 -9999 -9999 -9999 -9999 -9999 -9999 -9999 -9999 -9999 -9999 -9999 -9999 -9999 -9999 -9999 38 38 37 36 35 35 34 33 33 32 31 31 30 29 29 28 28 27 27 26 26 25 25 24 24 23 22 22 21 21 21 20 20 20 19 19 19 19 19 19 19 19 19 18 18 17 16 16 15 15 14 14 14 13 13 13 12 12 12 12 11 11 11 11 11 11 11 12 12 13 13 12 12 11 11
-9999 -9999 -9999 -9999 -9999 -9999 -9999 -9999 -9999 -9999 -9999 -9999 -9999 -9999 -9999 -9999 -9999 -9999 -9999 -9999 -9999 -9999 37 36 35 35 34 33 33 32 31 30 30 29 29 28 27 27 26 26 25 25 24 24 23 23 22 22 21 21 20 20 19 19 19 18 18 18 18 18 18 18 18 18 18 17 16 16 15 14 14 13 13 13 12 12 12 11 11 11 11 10 10 10 10 10 10 10 11 11 12 12 11 11 10 10
-9999 -9999 -9999 -9999 -9999 -9999 -9999 -9999 -9999 -9999 -9999 -9999 -9999 -9999 -9999 -9999 -9999 -9999 -9999 -9999 -9999 -9999 36 36 35 34 33 33 32 31 30 30 29 28 28 27 27 26 26 25 24 24 23 23 22 22 21 21 20 20 19 19 18 18 18 17 17 17 17 17 17 17 17 17 17 16 16 15 14 14 13 13 12 12 11 11 11 10 10 10 10 9 9 9 9 9 9 9 10 10 11 11 10 10 9 9
-9999 -9999 -9999 -9999 -9999 -9999 -9999 -9999 -9999 -9999 -9999 -9999 -9999 -9999 -9999 -9999 -9999 -9999 -9999 -9999 -9999 -9999 36 35 34 33 33 32 31 30 30 29 28 28 27 26 26 25 25 24 24 23 22 22 21 21 21 20 19 19 18 18 17 17 17 16 16 16 16 16 16 16 16 16 16 16 15 14 13 13 12 12 11 11 10 10 10 9 9 9 9 9 8 8 8 8 8 9 9 9 10 10 9 9 9 8
-9999 -9999 -9999 -9999 -9999 -9999 -9999 -9999 -9999 -9999 -9999 -9999 -9999 -9999 -9999 -9999 -9999 -9999 -9999 -9999 -9999 -9999 35 34 34 33 32 31 30 30 29 28 28 27 26 26 25 24 24 23 23 22 22 21 21 20 20 19 19 18 17 17 17 16 16 16 15 15 15 15 15 15 15 16 15 15 14 13 13 12 11 11 10 10 9 9 9 9 8 8 8 8 7 7 7 7 7 8 8 9 9 9 9 8 8 7
-9999 -9999 -9999 -9999 -9999 -9999 -9999 -9999 -9999 -9999 -9999 -9999 -9999 -9999 -9999 -9999 -9999 -9999 -9999 -9999 -9999 -9999 35 34 33 32 31 31 30 29 28 28 27 26 25 25 24 24 23 22 22 21 21 20 20 19 19 18 18 17 17 16 16 15 15 15 14 14 14 14 14 14 14 15 14 14 13 13 12 11 11 10 9 9 9 8 8 8 7 7 7 7 6 6 6 6 6 7 7 8 8 8 8 7 7 6
-9999 -9999 -9999 -9999 -9999 -9999 -9999 -9999 -9999 -9999 -9999 -9999 -9999 -9999 -9999 -9999 -9999 -9999 -9999 -9999 -9999 -9999 34 33 32 32 31 30 29 28 28 27 26 25 25 24 23 23 22 22 21 21 20 19 19 18 18 17 17 16 16 15 15 14 14 14 13 13 13 13 13 13 13 14 14 13 13 12 11 11 10 9 9 8 8 7 7 7 6 6 6 6 5 5 5 5 5 6 6 7 7 7 7 6 6 6
-9999 -9999 -9999 -9999 -9999 -9999 -9999 -9999 -9999 -9999 -9999 -9999 -9999 -9999 -9999 -9999 -9999 -9999 -9999 -9999 -9999 -9999 34 33 32 31 30 29 29 28 27 26 25 25 24 23 23 22 21 21 20 20 19 19 18 17 17 17 16 16 15 14 14 13 13 13 12 12 12 12 12 12 12 13 13 12 12 11 11 10 9 8 8 7 7 6 6 6 5 5 5 5 4 4 4 4 4 5 6 6 6 6 6 5 5 5
-9999 -9999 -9999 -9999 -9999 -9999 -9999 -9999 -9999 -9999 -9999 -9999 -9999 -9999 -9999 -9999 -9999 -9999 -9999 -9999 -9999 -9999 33 32 31 31 30 29 28 27 26 26 25 24 23 23 22 21 21 20 19 19 18 18 17 17 16 16 15 15 14 14 13 13 12 12 11 11 11 11 11 11 11 12 12 11 11 10 10 9 8 8 7 6 6 5 5 5 4 4 4 4 4 3 3 3 4 4 5 5 5 5 5 4 4 4
-9999 -9999 -9999 -9999 -9999 -9999 -9999 -9999 -9999 -9999 -9999 -9999 -9999 -9999 -9999 -9999 -9999 -9999 -9999 -9999 -9999 -9999 33 32 31 30 29 28 27 27 26 25 24 23 23 22 21 21 20 19 19 18 17 17 16 16 15 15 14 14 13 13 12 12 11 11 10 10 10 10 10 10 10 11 11 11 10 9 9 9 8 7 6 6 5 4 4 4 4 3 3 3 3 2 2 2 3 4 4 4 4 4 4 4 3 3
-9999 -9999 -9999 -9999 -9999 -9999 -9999 -9999 -9999 -9999 -9999 -9999 -9999 -9999 -9999 -9999 -9999 -9999 -9999 -9999 -9999 -9999 32 31 30 30 29 28 27 26 25 24 24 23 22 21 21 20 19 18 18 17 17 16 16 15 14 14 13 13 13 12 11 11 10 10 9 9 9 9 9 9 9 10 10 10 9 9 8 8 7 6 6 5 4 4 3 3 3 2 2 2 2 1 1 1 2 3 4 3 3 3 3 3 2 2
-9999 -9999 -9999 -9999 -9999 -9999 -9999 -9999 -9999 -9999 -9999 -9999 -9999 -9999 -9999 -9999 -9999 -9999 -9999 -9999 -9999 -9999 31 30 30 29 28 27 26 26 25 24 23 22 21 21 20 19 18 18 17 16 16 15 15 14 14 13 13 12 12 11 11 10 9 9 9 8 8 8 8 8 9 9 9 9 8 8 7 7 6 6 5 4 4 3 2 2 2 1 1 1 1 1 0 1 1 2 3 2 2 2 2 2 1 1
-9999 -9999 -9999 -9999 -9999 -9999 -9999 -9999 -9999 -9999 -9999 -9999 -9999 -9999 -9999 -9999 -9999 -9999 -9999 -9999 -9999 -9999 31 30 29 28 28 27 26 25 24 23 22 22 21 20 19 18 18 17 16 16 15 14 14 13 13 12 12 11 11 10 10 9 9 8 8 7 7 7 7 7 8 8 8 8 8 7 6 6 5 5 4 4 3 2 1 1 1 1 0 0 0 0 0 0 1 1 2 1 1 1 1 1 1 0
-9999 -9999 -9999 -9999 -9999 -9999 -9999 -9999 -9999 -9999 -9999 -9999 -9999 -9999 -9999 -9999 -9999 -9999 -9999 -9999 -9999 -9999 30 29 28 28 27 26 25 25 24 23 22 21 20 19 19 18 17 16 16 15 14 14 13 13 12 11 11 10 10 9 9 8 8 7 7 6 6 6 6 6 7 7 7 7 7 6 6 5 4 4 4 3 2 1 1 0 0 0 0 0 1 1 1 0 0 1 1 1 0 0 0 0 0 0
-9999 -9999 -9999 -9999 -9999 -9999 -9999 -9999 -9999 -9999 -9999 -9999 -9999 -9999 -9999 -9999 -9999 -9999 -9999 -9999 -9999 -9999 29 29 28 27 26 25 25 24 23 22 21 21 20 19 18 17 16 16 15 14 13 13 12 12 11 11 10 9 9 9 8 8 7 6 6 5 5 5 5 5 6 6 6 6 6 5 5 4 4 3 3 2 2 1 0 0 1 0 1 1 1 2 1 1 0 0 1 0 0 0 0 0 1 1
-9999 -9999 -9999 -9999 -9999 -9999 -9999 -9999 -9999 -9999 -9999 -9999 -9999 -9999 -9999 -9999 -9999 -9999 -9999 -9999 -9999 -9999 29 28 27 26 26 25 24 23 23 22 21 20 19 18 17 17 16 15 14 13 13 12 11 11 10 10 9 9 8 8 7 7 6 6 5 4 4 4 4 4 5 5 5 5 5 4 4 4 3 2 2 1 1 1 0 1 1 1 1 2 2 3 2 1 1 0 0 0 1 1 1 1 1 2
-9999 -9999 -9999 -9999 -9999 -9999 -9999 -9999 -9999 -9999 -9999 -9999 -9999 -9999 -9999 -9999 -9999 -9999 -9999 -9999 -9999 -9999 28 27 27 26 25 24 23 23 22 21 21 20 19 18 17 16 15 14 14 13 12 11 11 10 9 9 8 8 7 7 6 6 6 5 4 4 3 3 3 4 4 4 4 4 4 4 3 3 2 1 1 1 0 0 0 1 2 2 2 3 3 4 3 2 1 1 1 1 1 2 2 2 2 3
-9999 -9999 -9999 -9999 -9999 -9999 -9999 -9999 -9999 -9999 -9999 -9999 -9999 -9999 -9999 -9999 -9999 -9999 -9999 -9999 -9999 -9999 -9999 27 26 25 24 24 23 22 21 21 20 19 18 17 17 16 15 14 13 12 11 11 10 9 9 8 8 7 6 6 5 5 5 4 4 3 2 2 2 3 3 3 3 3 3 3 2 2 1 1 0 0 0 1 1 1 2 3 3 4 4 4 4 3 2 2 2 2 2 3 3 3 3 4
-9999 -9999 -9999 -9999 -9999 -9999 -9999 -9999 -9999 -9999 -9999 -9999 -9999 -9999 -9999 -9999 -9999 -9999 -9999 -9999 -9999 -9999 -9999 26 26 25 24 23 22 21 21 20 19 18 18 17 16 15 14 13 13 12 11 10 9 8 8 7 7 6 6 5 4 4 4 4 3 2 1 1 1 2 2 2 2 2 2 2 1 1 1 0 0 0 1 1 2 2 3 4 4 4 5 5 4 4 3 3 3 3 3 4 4 4 4 3
-9999 -9999 -9999 -9999 -9999 -9999 -9999 -9999 -9999 -9999 -9999 -9999 -9999 -9999 -9999 -9999 -9999 -9999 -9999 -9999 -9999 -9999 -9999 26 25 24 23 22 22 21 20 19 18 18 17 16 16 15 14 13 12 11 10 9 9 8 7 6 6 5 5 4 4 3 3 3 2 1 1 0 1 1 1 1 1 1 1 1 1 0 0 0 1 1 1 2 3 3 4 4 5 5 6 6 5 4 4 4 4 4 4 4 4 4 3 2
-9999 -9999 -9999 -9999 -9999 -9999 -9999 -9999 -9999 -9999 -9999 -9999 -9999 -9999 -9999 -9999 -9999 -9999 -9999 -9999 -9999 -9999 -9999 25 25 24 23 22 21 20 19 19 18 17 16 16 15 14 13 13 12 11 10 9 8 7 6 6 5 4 4 4 3 2 2 2 1 1 0 0 0 0 0 0 0 0 0 0 0 0 1 1 1 2 2 3 4 4 4 5 6 6 7 6 6 5 5 5 5 5 4 4 4 3 2 1
-9999 -9999 -9999 -9999 -9999 -9999 -9999 -9999 -9999 -9999 -9999 -9999 -9999 -9999 -9999 -9999 -9999 -9999 -9999 -9999 -9999 -9999 -9999 25 24 23 22 21 21 20 19 18 17 16 16 15 14 13 13 12 11 10 9 9 8 7 6 5 4 4 3 3 2 1 1 1 1 0 0 1 1 0 0 1 1 1 1 1 1 1 1 2 2 3 3 4 4 5 5 6 6 7 8 7 7 6 6 6 5 4 4 3 3 2 1 1
-9999 -9999 -9999 -9999 -9999 -9999 -9999 -9999 -9999 -9999 -9999 -9999 -9999 -9999 -9999 -9999 -9999 -9999 -9999 -9999 -9999 -9999 -9999 25 24 23 22 21 20 19 18 17 17 16 15 14 13 13 12 11 11 10 9 8 7 6 5 4 4 3 2 2 1 1 0 0 0 0 1 1 1 0 1 1 2 2 2 2 2 2 2 3 3 4 4 4 5 6 6 7 7 8 8 8 8 7 6 5 4 4 3 2 2 1 1 0
-9999 -9999 -9999 -9999 -9999 -9999 -9999 -9999 -9999 -9999 -9999 -9999 -9999 -9999 -9999 -9999 -9999 -9999 -9999 -9999 -9999 -9999 -9999 24 23 22 22 21 20 19 18 17 16 15 14 14 13 12 11 11 10 9 9 8 7 6 5 4 3 2 1 1 1 0 0 0 1 1 1 2 1 0 0 1 2 3 3 3 3 3 3 4 4 4 5 5 6 6 7 8 8 9 9 9 8 7 6 5 4 3 2 1 1 1 0 0
-9999 -9999 -9999 -9999 -9999 -9999 -9999 -9999 -9999 -9999 -9999 -9999 -9999 -9999 -9999 -9999 -9999 -9999 -9999 -9999 -9999 -9999 -9999 24 23 22 21 20 19 18 17 17 16 15 14 13 12 11 11 10 9 8 8 7 6 5 4 4 3 2 1 0 0 0 1 1 1 2 2 2 1 0 0 1 2 3 4 4 4 4 4 4 5 5 6 6 7 7 8 8 9 9 9 8 7 6 5 4 4 3 2 1 0 0 0 1
-9999 -9999 -9999 -9999 -9999 -9999 -9999 -9999 -9999 -9999 -9999 -9999 -9999 -9999 -9999 -9999 -9999 -9999 -9999 -9999 -9999 -9999 -9999 24 23 22 21 20 19 18 17 16 15 14 13 13 12 11 10 9 8 8 7 6 6 5 4 3 2 1 1 0 1 1 1 2 2 3 3 2 1 1 0 1 2 3 4 4 5 5 5 5 6 6 7 7 8 8 9 9 10 9 9 8 7 6 5 4 3 2 1 1 0 1 1 1
-9999 -9999 -9999 -9999 -9999 -9999 -9999 -9999 -9999 -9999 -9999 -9999 -9999 -9999 -9999 -9999 -9999 -9999 -9999 -9999 -9999 -9999 -9999 23 22 22 21 20 19 18 17 16 15 14 13 12 11 10 9 9 8 7 6 6 5 4 4 3 2 1 0 0 1 2 2 3 3 4 3 2 1 1 0 1 2 2 3 4 4 4 5 5 6 6 7 7 7 8 8 9 9 8 8 7 6 5 4 4 3 2 1 0 0 1 2 2
-9999 -9999 -9999 -9999 -9999 -9999 -9999 -9999 -9999 -9999 -9999 -9999 -9999 -9999 -9999 -9999 -9999 -9999 -9999 -9999 -9999 -9999 -9999 23 22 21 20 19 18 17 16 16 15 14 13 12 11 10 9 8 7 6 6 5 4 4 3 2 1 1 0 1 1 2 3 4 4 4 3 2 1 0 0 1 1 1 2 3 3 4 4 4 5 5 6 6 6 7 7 8 8 8 7 6 6 5 4 3 2 1 1 0 1 1 2 3
-9999 -9999 -9999 -9999 -9999 -9999 -9999 -9999 -9999 -9999 -9999 -9999 -9999 -9999 -9999 -9999 -9999 -9999 -9999 -9999 -9999 -9999 -9999 23 22 21 20 19 18 17 16 15 14 13 12 11 10 9 9 8 7 6 5 4 4 3 2 1 1 0 0 1 2 3 4 4 5 4 3 2 1 0 0 0 0 1 2 2 2 3 3 4 4 4 5 5 5 6 6 7 8 7 6 6 5 4 4 3 2 1 0 0 1 2 3 4
-9999 -9999 -9999 -9999 -9999 -9999 -9999 -9999 -9999 -9999 -9999 -9999 -9999 -9999 -9999 -9999 -9999 -9999 -9999 -9999 -9999 -9999 -9999 23 22 21 20 19 18 17 16 15 14 13 12 11 10 9 8 7 6 5 4 4 3 2 1 1 0 0 1 1 2 3 4 5 5 4 3 2 1 1 1 1 0 1 1 1 1 2 2 3 3 4 4 4 4 5 6 6 7 6 6 5 4 4 3 3 2 1 0 1 1 2 3 4
-9999 -9999 -9999 -9999 -9999 -9999 -9999 -9999 -9999 -9999 -9999 -9999 -9999 -9999 -9999 -9999 -9999 -9999 -9999 -9999 -9999 -9999 -9999 22 21 20 19 18 17 16 16 15 14 13 12 11 10 9 8 7 6 5 4 3 2 1 1 0 0 1 1 2 3 4 4 5 5 4 4 3 2 2 2 1 0 0 0 0 1 1 1 2 2 3 3 3 4 4 5 6 6 6 5 4 4 3 2 2 2 1 0 1 2 3 4 4
-9999 -9999 -9999 -9999 -9999 -9999 -9999 -9999 -9999 -9999 -9999 -9999 -9999 -9999 -9999 -9999 -9999 -9999 -9999 -9999 -9999 -9999 -9999 -9999 21 20 19 18 17 16 15 14 13 12 11 10 9 9 8 7 6 5 4 3 2 1 0 0 1 1 2 3 4 4 5 6 6 5 4 4 3 3 2 1 1 1 1 0 0 0 1 1 1 2 2 2 3 4 4 5 6 5 4 4 3 2 1 1 1 1 0 1 2 3 4 5
-9999 -9999 -9999 -9999 -9999 -9999 -9999 -9999 -9999 -9999 -9999 -9999 -9999 -9999 -9999 -9999 -9999 -9999 -9999 -9999 -9999 -9999 -9999 -9999 21 20 19 18 17 16 15 14 13 12 11 10 9 8 7 6 5 4 4 3 2 1 0 1 1 2 3 4 4 5 6 6 6 6 5 4 4 4 3 2 2 2 1 1 1 0 0 0 1 1 1 1 2 3 4 4 5 5 4 3 2 1 1 0 0 0 0 1 2 3 4 5
-9999 -9999 -9999 -9999 -9999 -9999 -9999 -9999 -9999 -9999 -9999 -9999 -9999 -9999 -9999 -9999 -9999 -9999 -9999 -9999 -9999 -9999 -9999 -9999 21 20 19 18 17 16 15 14 13 12 11 10 9 8 7 6 5 4 3 2 1 1 0 1 2 3 4 4 5 6 6 7 7 6 6 5 5 4 4 3 3 3 2 2 1 1 1 0 0 0 0 1 1 2 3 4 4 5 4 3 2 1 0 0 1 0 1 1 2 3 4 5
-9999 -9999 -9999 -9999 -9999 -9999 -9999 -9999 -9999 -9999 -9999 -9999 -9999 -9999 -9999 -9999 -9999 -9999 -9999 -9999 -9999 -9999 -9999 -9999 21 20 19 18 17 16 15 14 13 12 11 10 9 8 7 6 5 4 3 2 1 0 0 1 2 3 4 4 5 6 6 7 8 7 7 6 6 5 4 4 4 4 3 3 2 2 1 1 1 1 0 0 1 1 2 3 4 4 4 3 2 1 0 0 1 1 1 2 3 4 4 4
-9999 -9999 -9999 -9999 -9999 -9999 -9999 -9999 -9999 -9999 -9999 -9999 -9999 -9999 -9999 -9999 -9999 -9999 -9999 -9999 -9999 -9999 -9999 -9999 21 20 19 18 17 16 15 14 13 12 11 10 9 8 7 6 5 4 3 2 1 0 0 1 2 3 3 4 4 5 6 6 7 8 8 7 6 6 5 5 5 4 4 4 3 3 2 2 2 1 1 0 0 1 2 3 4 4 3 2 1 1 0 1 1 2 2 3 4 4 4 4
-9999 -9999 -9999 -9999 -9999 -9999 -9999 -9999 -9999 -9999 -9999 -9999 -9999 -9999 -9999 -9999 -9999 -9999 -9999 -9999 -9999 -9999 -9999 -9999 21 20 19 18 17 16 15 14 13 12 11 10 9 8 7 6 5 4 3 2 1 0 1 1 1 2 2 3 4 4 5 6 6 7 8 8 7 7 6 6 6 5 5 4 4 4 3 3 3 2 1 1 0 1 2 3 4 4 3 2 1 0 0 1 2 3 3 4 4 5 4 3
-9999 -9999 -9999 -9999 -9999 -9999 -9999 -9999 -9999 -9999 -9999 -9999 -9999 -9999 -9999 -9999 -9999 -9999 -9999 -9999 -9999 -9999 -9999 -9999 21 20 19 18 17 16 15 14 13 12 11 10 9 8 7 6 5 4 3 2 1 0 0 0 1 1 1 2 3 4 4 5 6 7 8 9 8 8 7 6 6 5 4 4 3 3 3 3 3 2 1 0 0 1 2 3 4 3 2 1 1 0 1 1 2 3 4 4 5 5 4 3
-9999 -9999 -9999 -9999 -9999 -9999 -9999 -9999 -9999 -9999 -9999 -9999 -9999 -9999 -9999 -9999 -9999 -9999 -9999 -9999 -9999 -9999 -9999 -9999 21 20 19 18 17 16 15 14 13 12 11 10 9 8 7 6 5 4 3 2 1 1 0 0 0 0 1 1 2 3 4 4 5 6 7 8 9 8 7 6 5 4 4 3 2 2 2 2 2 2 1 0 1 1 1 2 3 3 2 1 0 0 1 2 3 4 4 5 5 4 4 3
-9999 -9999 -9999 -9999 -9999 -9999 -9999 -9999 -9999 -9999 -9999 -9999 -9999 -9999 -9999 -9999 -9999 -9999 -9999 -9999 -9999 -9999 -9999 -9999 21 20 19 18 17 16 15 14 13 12 11 10 9 8 7 6 5 4 4 3 2 1 1 1 1 0 0 1 1 2 3 4 5 6 7 8 8 7 6 5 4 4 3 2 1 1 1 1 1 1 1 0 0 0 1 2 3 3 2 1 1 1 1 2 3 4 5 6 5 4 3 2
-9999 -9999 -9999 -9999 -9999 -9999 -9999 -9999 -9999 -9999 -9999 -9999 -9999 -9999 -9999 -9999 -9999 -9999 -9999 -9999 -9999 -9999 -9999 -9999 21 20 19 18 17 16 15 14 13 12 11 10 9 9 8 7 6 5 4 4 3 2 2 2 1 1 0 0 1 2 3 4 5 6 6 7 7 6 6 5 4 3 2 1 1 0 0 0 0 0 1 1 1 0 1 2 2 2 3 2 2 2 2 3 4 4 5 5 4 4 3 2
-9999 -9999 -9999 -9999 -9999 -9999 -9999 -9999 -9999 -9999 -9999 -9999 -9999 -9999 -9999 -9999 -9999 -9999 -9999 -9999 -9999 -9999 -9999 -9999 21 20 19 18 17 16 16 15 14 13 12 11 10 9 8 7 6 6 5 4 4 3 3 3 2 1 0 0 1 2 3 4 5 5 5 6 6 6 5 4 4 3 2 1 0 0 1 1 0 0 0 1 1 0 1 1 1 1 2 3 3 3 3 4 4 5 5 4 4 3 2 1
-9999 -9999 -9999 -9999 -9999 -9999 -9999 -9999 -9999 -9999 -9999 -9999 -9999 -9999 -9999 -9999 -9999 -9999 -9999 -9999 -9999 -9999 -9999 -9999 22 21 20 19 18 17 16 15 14 13 12 11 10 9 9 8 7 6 6 5 4 4 3 2 1 1 0 1 1 2 3 4 4 4 4 5 6 5 4 4 3 2 1 1 0 1 1 1 1 1 0 0 0 0 0 0 0 1 1 2 3 4 4 4 5 6 5 4 3 2 1 1
-9999 -9999 -9999 -9999 -9999 -9999 -9999 -9999 -9999 -9999 -9999 -9999 -9999 -9999 -9999 -9999 -9999 -9999 -9999 -9999 -9999 -9999 -9999 -9999 22 21 20 19 18 17 16 15 14 13 13 12 11 10 9 8 8 7 6 6 5 4 3 2 1 0 0 1 2 3 3 3 3 3 4 4 5 4 4 3 2 2 1 0 0 1 2 2 1 0 1 1 0 1 1 1 0 0 1 2 3 4 5 5 6 6 5 4 3 2 1 0
-9999 -9999 -9999 -9999 -9999 -9999 -9999 -9999 -9999 -9999 -9999 -9999 -9999 -9999 -9999 -9999 -9999 -9999 -9999 -9999 -9999 -9999 -9999 -9999 22 21 20 19 18 17 17 16 15 14 13 12 11 11 10 9 8 8 7 6 5 4 3 2 1 0 0 1 2 2 2 2 2 2 3 4 4 4 3 2 1 1 1 0 0 1 2 2 1 0 1 1 1 1 2 1 1 1 1 2 3 4 5 6 7 6 5 4 3 2 1 0
-9999 -9999 -9999 -9999 -9999 -9999 -9999 -9999 -9999 -9999 -9999 -9999 -9999 -9999 -9999 -9999 -9999 -9999 -9999 -9999 -9999 -9999 -9999 -9999 22 22 21 20 19 18 17 16 15 14 14 13 12 11 11 10 9 8 7 6 5 4 3 2 1 0 0 1 1 1 1 1 1 1 2 3 4 3 2 1 1 0 0 0 1 1 2 1 1 0 1 2 2 2 3 2 2 2 2 3 4 4 5 6 7 6 5 4 3 2 1 0
-9999 -9999 -9999 -9999 -9999 -9999 -9999 -9999 -9999 -9999 -9999 -9999 -9999 -9999 -9999 -9999 -9999 -9999 -9999 -9999 -9999 -9999 -9999 -9999 -9999 22 21 20 19 18 17 17 16 15 14 13 13 12 11 10 9 8 7 6 5 4 3 2 1 1 1 0 0 0 0 0 0 1 2 2 3 3 2 1 0 0 1 1 1 2 1 1 0 0 1 2 3 3 4 3 3 3 3 4 4 5 6 7 7 6 5 4 3 2 1 0
-9999 -9999 -9999 -9999 -9999 -9999 -9999 -9999 -9999 -9999 -9999 -9999 -9999 -9999 -9999 -9999 -9999 -9999 -9999 -9999 -9999 -9999 -9999 -9999 -9999 22 21 21 20 19 18 17 16 16 15 14 13 12 11 10 9 8 7 6 5 4 4 3 2 2 1 1 1 1 1 0 0 1 1 1 2 3 2 1 0 1 1 2 1 1 1 0 0 1 1 2 3 4 4 4 4 4 4 4 5 6 6 7 7 6 5 4 3 2 1 0
