data/grids/HYDRODIST.asc
NCOLS 822 
NROWS 563 
XLLCORNER -58000 
YLLCORNER 5661000 
CELLSIZE 1000 
NODATA_value -9999 
[rows 220 to 274 of 563, columns 96 to 191 of 822]
0 1 1 2 3 4 4 5 6 7 8 9 10 11 12 13 13 14 15 16 17 17 18 19 20 21 21 20 19 18 17 16 15 14 13 12 11 10 9 8 7 6 5 4 3 2 1 0 0 1 2 3 4 4 5 6 7 8 9 10 11 12 13 14 15 16 17 18 19 20 21 22 23 24 25 26 27 28 29 30 31 32 33 32 32 31 31 31 30 30 30 30 29 29 29 29
1 0 1 1 2 3 4 5 6 7 8 9 9 10 11 12 13 14 14 15 16 17 18 18 19 20 21 20 19 18 17 16 15 14 13 12 11 10 9 8 7 6 5 4 3 2 1 1 0 1 1 2 3 4 5 6 7 8 9 10 11 12 13 14 15 16 17 18 19 20 21 22 23 24 25 26 27 28 29 30 31 32 32 31 31 30 30 30 29 29 29 29 28 28 28 28
1 1 0 1 2 3 4 4 5 6 7 8 9 10 11 11 12 13 14 15 16 16 17 18 18 19 20 20 19 18 17 16 15 14 13 12 11 10 9 8 7 6 5 4 4 3 2 1 0 0 1 2 3 4 5 6 7 8 9 10 11 12 13 14 15 16 17 18 19 20 21 22 23 24 25 26 27 28 29 30 31 31 31 30 30 30 29 29 28 28 28 28 27 27 27 27
2 1 0 1 1 2 3 4 5 6 7 8 8 9 10 11 12 13 13 14 15 16 16 17 18 18 19 20 19 18 17 16 15 14 13 12 11 10 9 8 7 6 5 4 4 3 2 1 1 0 1 2 3 4 5 6 7 8 9 10 11 12 13 14 15 16 17 18 19 20 21 22 23 24 25 26 27 28 29 30 31 31 30 30 29 29 28 28 28 27 27 27 26 26 26 26
2 1 1 0 1 2 3 4 4 5 6 7 8 9 9 10 11 12 13 14 14 15 16 16 17 18 19 19 19 18 17 16 15 14 13 12 11 10 9 8 7 6 5 4 3 2 1 1 1 0 1 2 3 4 5 6 7 8 9 10 11 12 13 14 15 16 17 18 19 20 21 22 23 24 25 26 27 28 29 30 30 30 29 29 28 28 27 27 27 26 26 26 25 25 25 25
3 2 1 0 1 1 2 3 4 5 6 6 7 8 9 10 11 12 12 13 13 14 15 16 16 17 18 19 19 18 17 16 15 14 13 12 11 10 9 8 7 6 5 4 3 2 1 0 0 0 1 2 3 4 5 6 7 8 9 10 11 12 13 14 15 16 17 18 19 20 21 22 23 24 25 26 27 28 29 30 29 29 28 28 27 27 26 26 26 25 25 25 25 24 24 24
3 2 1 1 0 1 2 3 4 4 5 6 7 8 9 9 10 11 11 12 13 13 14 15 16 17 17 18 19 18 17 16 15 14 13 12 11 10 9 8 7 6 5 4 3 2 1 0 0 1 1 2 3 4 5 6 7 8 9 10 11 12 13 14 15 16 17 18 19 20 21 22 23 24 25 26 27 28 28 29 29 28 27 27 26 26 25 25 25 24 24 24 24 23 23 23
4 3 2 1 0 1 1 2 3 4 4 5 6 7 8 9 9 10 11 11 12 13 14 14 15 16 17 18 19 18 17 16 15 14 13 12 11 10 9 8 7 6 5 4 3 2 1 1 0 1 2 3 4 4 5 6 7 8 9 10 11 12 13 14 15 16 17 18 19 20 21 22 23 24 25 26 27 27 27 28 28 27 27 26 26 25 25 24 24 23 23 23 23 22 22 22
4 3 2 1 1 0 1 1 2 3 4 5 6 7 8 8 9 9 10 11 11 12 13 14 15 16 17 17 18 18 17 16 15 14 13 12 11 10 9 8 7 6 5 4 3 2 1 0 0 1 2 3 4 5 6 7 8 9 9 10 11 12 13 14 15 16 17 18 19 20 21 22 23 24 25 26 26 26 26 27 27 26 26 25 25 24 24 23 23 22 22 22 22 21 21 21
4 4 3 2 1 1 0 1 2 3 4 4 5 6 7 7 8 8 9 10 11 12 13 13 14 15 16 17 18 18 17 16 15 14 13 12 11 10 9 8 7 6 5 4 3 2 1 0 1 1 2 3 4 4 5 6 7 8 9 10 11 12 13 14 15 16 17 18 19 20 21 22 23 24 25 25 25 25 25 26 26 26 25 24 24 23 23 22 22 22 21 21 21 20 20 20
5 4 4 3 2 1 0 1 1 2 3 4 5 5 6 6 7 8 9 9 10 11 12 13 14 15 16 17 18 18 17 16 15 14 13 12 11 10 9 8 7 6 5 4 3 2 1 0 0 1 1 2 3 4 5 6 7 8 9 10 11 12 13 14 15 16 17 18 19 20 21 22 23 24 24 24 24 24 25 25 25 25 24 24 23 22 22 21 21 21 20 20 20 19 19 19
6 5 4 3 2 1 1 0 1 2 3 4 4 4 5 6 6 7 8 9 10 11 12 13 14 15 16 16 17 18 17 16 15 14 13 12 11 10 9 8 7 6 5 4 3 2 1 1 0 0 1 2 3 4 5 6 7 8 9 10 11 12 13 14 15 16 17 18 19 20 21 22 23 23 23 23 23 23 24 24 24 24 23 23 22 22 21 21 20 20 19 19 19 18 18 18
6 5 4 4 3 2 1 0 1 1 2 3 3 4 4 5 6 7 8 9 9 10 11 12 13 14 15 16 17 18 17 16 15 14 13 12 11 10 9 8 7 6 5 4 3 2 1 1 0 0 1 2 3 4 5 6 7 8 9 10 11 12 13 14 15 16 17 18 19 20 21 22 22 22 22 22 22 22 23 23 23 23 23 22 21 21 20 20 19 19 18 18 18 17 17 17
7 6 5 4 3 2 1 0 0 1 1 2 2 3 4 4 5 6 7 8 9 10 11 12 13 14 15 16 17 17 17 16 15 14 13 12 11 10 9 8 7 6 5 4 3 2 1 0 0 0 1 2 3 4 5 6 7 8 9 10 11 12 13 14 15 16 17 18 19 20 21 21 21 21 21 21 21 21 22 22 22 22 22 21 21 20 19 19 18 18 17 17 17 16 16 16
7 6 5 4 3 2 1 0 0 0 1 1 1 2 3 4 5 6 7 8 9 10 11 12 13 14 14 15 16 17 16 16 15 14 13 12 11 10 9 8 7 6 5 4 3 2 1 0 1 1 1 2 3 4 5 6 7 8 9 10 11 12 13 14 15 16 17 18 19 20 20 20 20 20 20 20 20 20 21 21 21 22 21 21 20 19 19 18 17 17 17 16 16 16 15 15
7 6 5 4 3 2 1 1 1 0 0 0 1 2 3 4 5 6 7 8 9 10 11 11 12 13 14 15 16 17 16 15 14 13 12 11 10 9 9 8 7 6 5 4 3 2 1 0 1 2 2 3 4 4 5 6 7 8 9 10 11 12 13 14 15 16 17 18 19 19 19 19 19 19 19 19 19 19 20 20 20 21 21 20 19 18 18 17 17 16 16 15 15 15 14 14
7 6 5 4 4 3 2 2 1 0 0 0 1 2 3 4 5 6 7 8 8 9 10 11 12 13 13 14 15 16 16 15 14 13 12 11 10 9 8 7 6 5 4 4 3 2 1 0 1 2 3 4 4 5 6 7 8 9 9 10 11 12 13 14 15 16 17 18 19 18 18 18 18 18 18 18 18 18 19 19 19 20 20 19 18 18 17 16 16 15 15 14 14 14 13 13
8 7 6 5 4 4 3 2 1 1 1 0 1 2 3 4 5 6 6 7 8 9 9 10 11 12 13 14 15 16 16 15 14 13 12 11 10 9 8 7 6 5 4 3 2 1 1 0 1 2 3 4 5 6 6 7 8 9 10 11 12 13 14 15 16 16 17 18 18 17 17 17 17 17 17 17 17 17 18 18 18 19 19 18 18 17 16 16 15 14 14 13 13 13 12 12
8 7 6 6 5 4 4 3 2 1 1 0 1 2 3 4 4 5 6 6 7 8 9 10 11 12 13 14 15 16 16 15 14 13 12 11 10 9 8 7 6 5 4 3 2 1 0 0 1 2 3 4 5 6 7 8 9 9 10 11 12 13 14 15 16 17 17 17 17 16 16 16 16 16 16 16 16 16 17 17 17 18 18 18 17 16 16 15 14 14 13 13 12 12 11 11
9 8 7 6 6 5 4 3 2 1 0 0 1 2 3 3 4 4 5 6 7 8 9 9 10 11 12 13 14 15 16 15 14 13 12 11 10 9 8 7 6 5 4 3 2 1 0 1 1 2 3 4 5 6 7 8 9 10 11 12 13 13 14 15 16 17 17 16 16 16 15 15 15 15 15 15 15 16 16 16 17 17 17 17 16 16 15 14 13 13 12 12 11 11 10 10
9 8 8 7 6 5 4 3 2 1 0 0 1 1 2 2 3 4 4 5 6 7 8 9 10 11 12 13 14 15 16 15 14 13 12 11 10 9 8 7 6 5 4 3 2 1 0 1 2 3 4 4 5 6 7 8 9 10 11 12 13 14 15 16 17 16 16 15 15 15 14 14 14 14 14 14 14 15 15 15 16 16 17 17 16 15 14 13 13 12 11 11 10 10 9 9
10 9 8 7 6 5 4 3 2 1 0 0 0 1 1 1 2 3 4 5 6 7 8 9 10 11 12 13 14 15 16 15 14 13 12 11 10 9 8 7 6 5 4 3 2 1 0 1 2 3 4 4 5 6 7 8 9 10 11 12 13 14 15 16 16 15 15 14 14 14 13 13 13 13 13 13 13 14 14 14 15 15 16 16 15 14 14 13 12 11 11 10 9 9 9 8
10 9 8 7 6 5 4 3 2 1 1 0 0 0 0 1 2 3 4 5 6 7 8 9 10 11 12 13 14 15 16 15 14 13 12 11 10 9 8 7 6 5 4 3 2 1 0 1 1 2 3 4 5 6 7 8 9 10 11 12 13 14 15 16 15 14 14 13 13 13 12 12 12 12 12 12 12 13 13 13 14 14 15 16 15 14 13 12 11 11 10 9 9 8 8 7
10 9 8 7 6 5 4 4 3 2 1 1 1 1 0 1 2 3 4 5 6 7 8 9 10 11 12 13 14 15 16 15 14 13 12 11 10 9 8 7 6 5 4 3 2 1 0 0 1 2 3 4 5 6 7 8 9 10 11 12 13 14 15 15 14 14 13 13 12 12 11 11 11 11 11 11 11 12 12 13 13 14 14 15 14 13 13 12 11 10 9 8 8 7 7 6
10 9 9 8 7 6 5 4 4 3 2 2 2 1 0 1 2 3 4 5 6 7 8 9 9 10 11 12 13 14 15 15 14 13 12 11 10 9 8 7 6 5 4 3 2 1 1 0 1 2 3 4 5 6 7 8 9 9 10 11 12 13 14 14 13 13 12 12 11 11 10 10 10 10 10 10 10 11 11 12 12 13 13 14 14 13 12 11 10 9 9 8 7 6 6 5
11 10 9 8 7 6 6 5 4 4 3 2 1 1 0 1 2 3 4 4 5 6 7 8 9 10 11 12 13 14 15 15 14 13 12 11 10 9 8 7 6 5 4 3 2 1 1 0 1 2 3 4 4 5 6 7 8 9 10 11 12 13 14 13 13 12 11 11 10 10 9 9 9 9 9 9 9 10 10 11 11 12 13 13 14 13 12 11 10 9 8 7 6 6 5 4
11 10 9 9 8 7 6 6 5 4 3 2 1 0 0 1 1 2 3 4 5 6 7 8 9 10 11 12 13 14 15 15 14 13 12 11 10 9 8 7 6 5 4 3 2 1 0 0 1 1 2 3 4 5 6 7 8 9 10 11 12 13 14 13 12 11 11 10 9 9 9 8 8 8 8 8 9 9 9 10 11 11 12 13 13 12 11 10 9 9 8 7 6 5 4 4
12 11 10 9 8 8 7 6 5 4 3 2 1 1 0 0 1 2 3 4 5 6 7 8 9 10 11 12 13 14 15 15 14 13 12 11 10 9 8 7 6 5 4 3 2 1 1 0 0 1 2 3 4 5 6 7 8 9 9 10 11 12 13 12 11 11 10 9 9 8 8 7 7 7 7 7 8 8 9 9 10 11 11 12 13 12 11 10 9 8 7 6 5 4 4 3
12 11 10 9 9 8 7 6 5 4 4 3 2 1 1 0 1 2 3 4 5 6 7 8 9 10 11 12 13 14 15 15 14 13 12 11 10 9 8 7 6 5 4 4 3 2 1 0 0 1 2 3 4 4 5 6 7 8 9 10 11 12 13 12 11 10 9 8 8 7 7 6 6 6 6 6 7 7 8 8 9 10 11 11 12 12 11 10 9 8 7 6 5 4 3 2
12 11 10 9 8 7 6 6 5 4 4 3 2 1 0 0 1 2 3 4 5 6 7 8 9 10 11 12 13 14 15 15 14 13 12 11 10 9 9 8 7 6 5 4 3 2 1 0 0 1 1 2 3 4 5 6 7 8 9 10 11 12 12 11 10 9 9 8 7 6 6 5 5 5 5 5 6 6 7 8 8 9 10 11 11 12 11 10 9 8 7 6 5 4 3 2
11 10 9 9 8 7 6 5 4 4 3 2 2 1 0 1 1 2 3 4 5 6 7 8 9 10 11 12 13 14 15 16 15 14 13 12 11 10 9 8 7 6 5 4 3 2 1 1 0 0 1 2 3 4 5 6 7 8 9 10 11 12 12 11 10 9 8 7 6 6 5 4 4 4 4 4 5 6 6 7 8 8 9 10 11 12 11 10 9 8 7 6 5 4 3 2
11 10 9 8 7 6 5 4 4 3 2 1 1 1 0 1 2 3 4 4 5 6 7 8 9 10 11 12 13 14 15 16 15 14 13 12 11 10 9 8 7 6 5 4 4 3 2 1 0 0 1 2 3 4 5 6 7 8 9 10 11 12 11 10 9 9 8 7 6 5 4 4 3 3 3 4 4 5 6 6 7 8 9 9 10 11 11 10 9 8 7 6 5 4 4 3
11 10 9 8 7 6 5 4 3 2 1 1 0 0 0 1 2 3 4 5 6 7 8 9 9 10 11 12 13 14 15 16 15 14 13 12 11 10 9 9 8 7 6 5 4 3 2 1 0 0 1 2 3 4 5 6 7 8 9 10 11 12 11 10 9 8 7 6 5 4 4 3 2 2 2 3 4 4 5 6 6 7 8 9 10 11 11 10 9 9 8 7 6 5 4 3
11 10 9 8 7 6 5 4 3 2 1 0 0 1 1 1 2 3 4 5 6 7 8 9 10 11 12 13 14 15 16 16 16 15 14 13 12 11 10 9 8 7 6 5 4 3 2 1 0 0 1 2 3 4 5 6 7 8 9 10 11 12 11 10 9 8 7 6 5 4 3 2 1 1 1 2 3 4 4 5 6 7 8 9 9 10 11 11 10 9 8 7 6 5 4 4
11 10 9 8 7 6 5 4 3 2 1 0 1 1 2 2 3 4 4 5 6 7 8 9 10 11 12 13 14 15 16 17 16 15 14 13 12 11 10 9 8 7 6 5 4 3 2 1 0 1 1 2 3 4 5 6 7 8 9 10 11 12 11 10 9 8 7 6 5 4 3 2 1 0 1 1 2 3 4 4 5 6 7 8 9 10 11 11 10 9 9 8 7 6 5 4
11 10 9 8 7 6 5 4 3 2 1 0 1 1 2 3 4 4 5 6 7 8 9 9 10 11 12 13 14 15 16 17 16 15 14 13 12 11 10 9 8 7 6 5 4 3 2 1 0 1 2 3 4 4 5 6 7 8 9 10 11 12 11 10 9 8 7 6 5 4 3 2 1 0 0 1 1 2 3 4 5 6 7 8 9 10 11 12 11 10 9 8 7 6 6 5
10 9 9 8 7 6 5 4 3 2 1 0 0 1 2 3 4 5 6 6 7 8 9 10 11 12 13 14 15 16 16 17 16 15 14 13 12 11 10 9 8 7 6 5 4 3 2 1 0 1 1 2 3 4 5 6 7 8 9 10 11 12 11 10 9 8 7 6 5 4 3 2 1 1 0 0 1 2 3 4 5 6 7 8 9 10 11 12 11 10 9 9 8 7 6 5
10 9 8 7 6 5 4 4 3 2 1 0 1 1 2 3 4 5 6 7 8 9 9 10 11 12 13 14 15 16 17 17 16 15 14 13 12 11 10 9 8 7 6 5 4 3 2 1 0 0 1 2 3 4 5 6 7 8 9 10 11 12 11 10 9 8 7 6 5 4 4 3 2 1 0 0 1 2 3 4 5 6 7 8 9 9 10 11 11 11 10 9 8 7 6 5
10 9 8 7 6 5 4 3 2 1 1 0 1 2 3 4 4 5 6 7 8 9 10 11 12 13 13 14 15 16 17 17 16 15 14 13 12 11 10 9 8 7 6 5 4 3 2 1 0 1 1 2 3 4 5 6 7 8 9 10 11 12 11 10 9 9 8 7 6 5 4 3 2 1 0 1 1 2 3 4 5 6 6 7 8 9 10 11 11 10 9 8 8 7 6 5
10 9 8 7 6 5 4 3 2 1 0 0 1 2 3 4 5 6 7 8 9 9 10 11 12 13 14 15 16 16 17 17 16 15 14 13 12 11 10 9 8 7 6 5 4 3 2 1 0 1 1 2 3 4 5 6 7 8 9 10 11 12 12 11 10 9 8 7 6 5 4 3 2 1 0 1 2 3 3 4 4 5 6 7 8 9 9 10 10 9 9 8 7 6 6 5
10 9 8 7 6 5 4 3 2 1 0 0 1 2 3 4 5 6 7 8 9 10 11 11 12 13 13 14 15 16 16 17 16 15 14 13 12 11 10 9 8 7 6 5 4 3 2 1 0 0 1 2 3 4 5 6 7 8 9 10 11 12 12 11 10 9 8 7 6 5 4 3 2 1 0 1 2 2 2 3 4 4 5 6 7 8 9 10 10 9 8 7 6 6 5 4
10 9 8 7 6 5 4 3 2 1 0 1 1 2 3 4 5 6 7 8 8 9 10 11 11 12 13 13 14 15 16 16 16 15 14 13 12 11 10 9 8 7 6 5 4 3 2 1 1 0 1 2 3 4 5 6 7 8 9 10 11 12 12 11 10 9 8 7 6 5 4 3 2 1 0 1 1 1 1 2 3 4 5 6 7 8 9 9 9 9 8 7 6 5 4 4
10 9 8 7 6 5 4 3 2 1 0 1 2 3 4 4 5 6 6 7 8 9 9 10 11 11 12 13 13 14 15 16 16 15 14 13 12 11 10 9 8 7 6 5 4 4 3 2 1 0 1 2 3 4 5 6 7 8 9 10 11 12 12 11 10 9 8 7 6 5 4 3 2 1 0 0 0 0 1 2 3 4 4 5 6 7 8 9 9 8 7 6 5 4 4 3
10 9 8 7 6 5 4 3 2 1 0 1 1 2 3 4 4 5 6 6 7 8 9 9 10 11 11 12 13 14 14 15 16 15 14 13 12 11 10 9 9 8 7 6 5 4 3 2 1 0 1 2 3 4 5 6 7 8 9 10 11 12 12 11 10 9 8 7 6 5 4 3 2 1 1 1 0 0 1 1 2 3 4 5 6 7 8 9 8 8 7 6 5 4 3 2
10 9 8 7 6 5 4 3 2 1 0 0 1 2 3 3 4 4 5 6 7 7 8 8 9 10 11 11 12 13 14 15 16 16 15 14 13 12 11 10 9 8 7 6 5 4 3 2 1 0 1 2 3 4 5 6 7 8 9 10 11 12 12 11 10 9 8 7 6 5 4 4 3 2 2 1 1 0 0 1 2 3 4 5 6 7 8 8 8 7 6 6 5 4 3 2
10 9 8 7 6 5 4 3 2 1 1 0 1 1 2 2 3 4 4 5 6 6 7 8 8 9 10 11 12 13 13 14 15 16 15 14 13 12 11 10 9 8 7 6 5 4 3 2 1 0 1 2 3 4 5 6 7 8 9 10 11 12 12 11 10 9 9 8 7 6 5 4 4 3 3 2 1 1 0 1 2 3 4 5 6 7 8 7 7 6 6 5 4 4 3 2
10 9 8 7 6 5 4 4 3 2 1 0 0 1 1 1 2 3 4 4 5 6 6 7 8 9 9 10 11 12 13 14 15 16 15 14 13 12 11 10 9 8 7 6 5 4 3 2 1 0 1 2 3 4 5 6 7 8 9 10 11 12 13 12 11 10 9 8 7 6 6 5 4 4 3 2 2 1 0 1 2 3 4 5 6 7 7 6 6 5 5 4 4 3 2 1
10 9 9 8 7 6 5 4 3 2 1 1 0 0 0 1 2 3 3 4 4 5 6 6 7 8 9 10 11 12 13 14 15 16 15 14 13 12 11 10 9 8 7 6 5 4 3 2 1 0 1 2 3 4 5 6 7 8 9 10 11 12 13 12 11 10 9 9 8 7 6 5 4 3 2 1 1 1 0 1 2 3 4 5 6 7 6 6 5 4 4 4 3 2 1 1
11 10 9 8 7 6 5 4 4 3 2 1 1 1 0 1 1 2 2 3 4 4 5 6 7 8 9 9 10 11 12 13 14 15 15 14 13 12 11 10 9 8 7 6 5 4 3 2 1 0 1 2 3 4 5 6 7 8 9 10 11 12 13 12 11 10 9 8 7 6 5 4 4 3 2 1 0 0 0 1 2 3 4 5 6 6 6 5 4 4 3 3 2 1 1 0
11 10 9 9 8 7 6 5 4 4 3 2 2 1 0 0 1 1 1 2 3 4 4 5 6 7 8 9 10 11 12 13 14 15 15 14 13 12 11 10 9 8 7 6 5 4 3 2 1 0 1 2 3 4 5 6 7 8 9 9 10 11 12 12 11 10 9 8 7 6 5 4 3 2 1 1 0 1 1 1 2 3 4 5 6 6 5 4 4 3 2 2 2 1 0 0
12 11 10 9 8 7 6 6 5 4 4 3 2 1 1 0 0 0 1 1 2 3 4 5 6 7 8 9 10 11 12 13 14 15 15 14 13 12 11 10 9 8 7 6 5 4 3 2 1 0 1 2 3 4 4 5 6 7 8 9 10 11 12 12 11 10 9 8 7 6 5 4 3 2 1 0 0 1 2 2 3 4 4 5 6 5 4 4 3 2 1 1 1 1 0 1
12 11 10 9 9 8 7 6 6 5 4 4 3 2 1 1 1 0 0 1 2 3 4 5 6 7 8 9 10 11 12 13 14 15 15 14 13 12 11 10 9 8 7 6 5 4 3 2 1 0 1 1 2 3 4 5 6 7 8 9 10 11 12 11 10 9 9 8 7 6 5 4 3 2 1 0 0 1 2 3 4 4 5 6 5 4 4 3 2 1 1 0 0 0 0 1
13 12 11 10 9 8 8 7 6 6 5 4 3 2 1 1 0 0 1 1 2 3 4 5 6 7 8 9 10 11 12 13 14 15 15 14 13 12 11 10 9 8 7 6 5 4 3 2 1 0 0 1 2 3 4 5 6 7 8 9 10 11 12 11 10 9 8 7 6 5 4 4 3 2 1 0 0 1 2 3 4 5 6 5 4 4 3 2 1 1 0 0 1 1 1 1
13 12 11 11 10 9 8 8 7 6 5 4 3 2 1 0 0 1 1 2 3 4 4 5 6 7 8 9 10 11 12 13 14 15 15 14 13 12 11 10 9 8 7 6 5 4 3 2 1 0 1 1 2 3 4 5 6 7 8 9 10 11 12 11 10 9 8 7 6 5 4 3 2 1 1 0 1 1 2 3 4 5 6 5 4 3 2 1 1 0 0 1 1 2 2 2
14 13 12 11 11 10 9 8 7 6 5 4 3 2 1 0 1 1 2 3 4 4 5 6 7 8 9 9 10 11 12 13 14 15 15 14 13 12 11 10 9 8 7 6 5 4 3 2 1 0 1 2 3 4 4 5 6 7 8 9 10 11 11 11 10 9 8 7 6 5 4 3 2 1 0 0 1 2 3 4 4 5 6 5 4 3 2 1 0 0 1 1 2 3 3 3
