data/grids/HYDROFLOW.asc
NCOLS 822 
NROWS 563 
XLLCORNER -58000 
YLLCORNER 5661000 
CELLSIZE 1000 
NODATA_value -9999 
[rows 416 to 467 of 563, columns 384 to 479 of 822]
1 4 1 5 2 1 27 6 19 8 1 4 1 5 14 133 1 10 56 1 33 27 20 13 5 2 1 3 1 3 5 1 1 3 1 2 1 2 175 1 2 32 6 1 248 13 168 7 1 75 1 1 1 1 3 1 1 1 1 1 8 2 7 1 1 3 4 5 20 2 1 93 161 18 183 68 85 77 1 2 1 36 1 7 2 2 327 2 1 237 5 1 10 29 1 4
2 1 1 1 254 40 1 2 1 1 1 7 1 3 3 1 3 76 1 8 7 4 1 1 2 1 2 1 1 1 2 12 50 5 90 1 25 59 132 3 1 17 2 2 229 15 1 98 2 16 35 38 24 18 54 36 5 2 1 1 2 1 4 2 14 1 5 6 2 1 42 4 1 6 3 16 1 306 303 352 438 1 6 5 2 4 1 2 3 58 1 1 5 41 73 90
6 4 1 1 29 1 20 22 10 5 23 2 3 1 3 261 51 1 1 1 1 1 5 63 3 2 6 3 4 2 2 1 2 4 1 48 61 124 3 1 3 10 2 2 25 4 4 2 82 1 2 1 1 2 1 1 5 1 3 1 2 2 1 2 4 1 2 4 9 23 6 2 4 8 5 7 1 4 2 10 4 288 273 713 764 219 318 3 142 8 2 1 1 1 4 32
12 1 4 2 18 1 2 2 26 23 1 6 1 2 3 1 521 2 1 6 8 4 280 13 1 1 16 8 9 5 1 1 1 2 5 5 1 18 10 1 6 1 36 43 6 1 1 1 66 3 2 54 57 30 2 1 3 1 19 3 8 3 1 1 1 2 1 3 2 2 2 1 1 4 5 2 2 1 4 1 1 2 1 5 4 1 3 12 2140 142 2 1 3 1 9 43
3 3 10 9 3 11 3 1 1 1 1 11 3 6 1 2 182 1 9 4 301 8 7 1 49 14 2 2 10 5 18 6 2 2 1 1 1 5 13 1 2 7 173 8 2 23 1 2 60 1 1 2 1 3 6 1 1 1 2 28 41 2 2 3 1 2 1 3 1 1 3 2 1 1 1 1 1 3 1 2 1 2 1 1 3 1 1 1 2 1052 8 1 7 1 1 225
85 31 7 2 2 3 3 3 4 3 2 23 2 2 1 1 744 1 144 1 2 5 3 11 1 62 47 4 71 47 12 2 4 4 3 2 3 4 4 1 1 1 5 1 1 17 1 28 1 14 3 1 2 1 1 2 5 2 1 1 1 38 83 4 1 5 3 1 3 6 1 10 2 3 2 5 1 11 2 1 1 2 2 1 1 1 3 1 1551 2 2 2 18 2 2 1
16 22 4 1 6 2 2 2 13 5 1 31 38 1 1 5 623 306 4 1 5 2 2 2 4 2 19 39 3 1 1 8 2 5 10 1 2 1 2 11 22 70 7 3 2 4 8 1 5 1 2 1 7 1 3 2 15 5 3 1 2 1 1 68 3 11 5 1 6 2 2 2 1 16 4 11 2 6 1 3 1 14 2 3 2 9 1 6 1491 2 1 5 28 4 2 1
14 2 7 2 2 6 7 4 22 3 3 59 1 1 2 1 3 330 1 14 4 3 1 1 1 1 2 1 1 1 2 1 6 21 4 6 1 2 1 1 2 55 1 6 1 1 9 4 8 1 3 8 15 51 24 1 5 23 2 4 2 1 1 89 4 3 2 1 9 26 52 54 27 49 123 136 14 25 3 2 6 11 2 6 3 6 17 19 280 2 2 1 45 2 1 4
2 2 14 2 14 7 1 13 3 7 4 23 54 9 1 3 1 347 1 2 1 1 1 5 9 6 1 1 2 4 3 8 58 2 3 3 2 4 2 1 1 2 45 2 2 1 3 2 2 1 1 1 2 1 11 12 149 216 245 23 3 3 5 150 2 1 1 2 1 1 1 1 4 3 3 1 97 138 153 5 46 2 5 1 2 1 10 20 831 2 5 1 5 2 1 1
4 1 1 2 1 14 7 27 2 28 2 1 1 3 1 5 1 1 592 2 3 2 4 1 19 7 4 23 1 7 1 17 37 1 18 2 4 11 2 1 10 1 17 16 1 16 2 2 1 1 14 1 2 1 1 3 2 2 2 5 235 102 273 1 3 2 6 2 2 1 6 1 1 1 2 1 1 20 26 291 270 4 1 27 4 1 1 2 3 2345 2312 222 1 84 1 1
2 1 1 2 1 35 6 25 2 27 2 1 1 108 2 19 1 2 471 4 7 5 2 1 48 2 41 23 16 4 1 25 1 87 17 1 33 46 4 1 1 2 4 3 1 1 1 1 2 4 7 2 2 1 2 1 2 1 2 3 2 2 4 1 24 17 8 9 2 2 3 3 14 7 3 13 22 1 2 1 6 4 2 5 9 3 1 2 1 1 3 1 1659 789 2 14
2 1 1 3 6 18 2 26 20 2 2 10 3 1 125 31 1 4 345 1 1 16 1 2 30 56 2 6 12 5 1 2 152 58 101 45 11 5 8 1 14 2 1 1 1 8 1 8 8 1 1 4 4 4 1 4 1 3 1 1 1 2 3 279 36 2 12 1 3 43 8 7 5 1 1 1 2 2 2 48 3 3 1 10 9 8 2 3 4 1 13 19 11 1 1337 39
2 4 4 1 6 5 1 172 2 2 1 2 8 3 2 49 2 1 115 46 1 1 7 1 133 2 2 4 2 1 4 1 2 1 1 1 1 2 1 1 18 2 6 1 2 2 2 2 5 24 52 70 80 83 122 144 162 173 213 3 3 1 1 1 100 252 1 14 29 4 2 2 1 2 3 1 2 1 2 62 2 1 4 2 58 2 2 6 1 11 1 1 13 23 6 1998
5 5 4 10 2 1 3 188 1 6 2 1 13 2 1 240 6 3 766 2 3 4 210 97 28 2 19 5 3 1 1 268 25 42 1 16 4 1 3 10 29 1 12 9 3 2 6 2 2 1 1 5 1 2 3 4 4 7 2 48 36 2 2 1 2 481 59 1 1 2 2 1 4 2 1 11 20 25 26 86 7 2 11 2 65 3 1 14 2 1 1 4 5 5 69 1593
-9999 2 -9999 -9999 -9999 1 63 16 3 2 5 1 32 2 2 920 692 966 486 1 98 82 1 2 9 5 3 1 1 2 1 255 1 1 2 3 1 2 1 1 26 3 1 30 4 7 11 6 3 5 1 1 3 1 1 2 2 3 2 2 2 1 349 2 1 457 122 13 10 8 6 1 2 4 1 5 1 2 4 223 2 5 1 4 20 5 1 2 5 4 2 1 1 4 86 1525
-9999 -9999 -9999 -9999 -9999 -9999 21 82 3 18 3 1 23 2 15 675 2 1 1 299 2 3 1 5 1 3 4 2 2 4 2 1 324 3 3 1 2 2 9 3 92 3 1 6 65 2 3 37 1 21 3 2 2 2 10 5 1 1 1 3 1 2 1 327 195 431 104 2 3 4 3 1 3 1 5 2 2 1 1 12 353 2 1 2 5 46 1 2 48 1 1 6 1 2 28 1400
-9999 -9999 -9999 -9999 -9999 -9999 1 175 62 54 7 2 2 1 4 350 1 1 2 11 260 44 2 9 4 2 7 9 3 1 11 2 180 7 2 3 2 13 1 129 2 1 3 3 1 86 56 43 1 3 2 4 1 16 3 1 1 5 3 1 8 10 15 1 1 678 37 6 20 1 8 2 4 19 22 7 2 1 2 1 348 3 1 1 1 1 35 1 29 1 2 1 5 4 3 987
-9999 -9999 -9999 -9999 -9999 -9999 -9999 1 81 2 4 5 1 34 61 2 1 3 128 2 1 5 289 254 90 14 4 6 1 2 4 188 6 2 8 2 1 1 126 2 1 2 13 1 1 1 52 40 1 1 13 2 1 38 2 1 6 10 10 17 2 2 1 1 3 598 242 15 5 5 2 2 8 37 55 8 1 3 1 2 2 3 1 19 2 3 2 151 151 220 26 1 21 1 2 5
-9999 -9999 -9999 -9999 -9999 -9999 -9999 -9999 1 1 1 12 2 2 1723 1 3 252 67 16 1 1 26 5 49 2 1 2 8 1 2 66 3 1 15 2 3 1 1 134 2 4 15 7 3 3 1 80 2 2 41 9 2 1 35 2 2 2 1 3 34 3 3 2 2 677 2 1 1 3 1 6 9 88 1 1 1 14 3 2 1 2 1 23 17 1 2 1 1 2 131 222 11 3 2 2
-9999 -9999 -9999 -9999 -9999 -9999 -9999 -9999 1 123 1 2 12 467 1 316 858 1 2 1 10 1 9 9 1 199 199 25 2 1 412 1 1 2 3 30 1 5 2 50 11 1 19 5 4 3 2 1 106 1 14 78 3 1 41 4 5 2 1 1 1 7 62 16 4 629 1 4 3 8 6 3 86 1 4 1 3 7 1 3 4 11 4 1 12 42 2 4 1 1 2 1 2 1 16 34
-9999 -9999 -9999 -9999 -9999 -9999 -9999 -9999 -9999 1 163 3 555 1745 772 285 2 167 10 5 8 1 1 7 7 1 1 107 10 1 2 54 1 4 6 1 1 5 1 61 3 1 1 1 40 1 2 1 4 2 1 7 2 2 5 105 96 22 1 4 3 3 1 97 1 2 2 22 1 13 86 124 1 2 2 1 16 16 2 5 422 3 2 1 2 1 75 3 3 1 3 177 3 1 1 1
-9999 -9999 -9999 -9999 -9999 -9999 -9999 -9999 -9999 1 438 1978 1087 1 2 4 3 11 1 2 1 2 8 6 1 1 1 60 2 1 2 142 4 2 17 8 2 13 3 166 2 2 3 2 44 3 2 5 1 144 3 141 9 6 1 3 2 3 155 190 199 200 75 163 215 1 698 1 3 64 5 2 1 4 2 3 16 78 2 370 14 10 3 1 2 3 1 74 9 1 2 266 1 8 18 25
-9999 -9999 -9999 -9999 -9999 -9999 -9999 -9999 -9999 1 1836 1 156 2 1 1 2 1 102 1 27 73 5 2 1 1 6 46 39 2 1 5 11 1 17 6 29 5 95 1 1 35 6 1 12 23 5 13 2 1 213 6 9 1 2 1 1 1 1 2 1 1 18 1 1 1 840 922 1013 1096 1 1 4 25 1 867 1 137 126 44 1 1 3 1 12 5 5 114 157 55 6 151 2 1 1 1
-9999 -9999 -9999 -9999 -9999 -9999 -9999 -9999 -9999 1187 37 1 152 9 39 25 35 6 106 1 2 12 16 1 1 2 2 1 31 4 2 2 42 2 1 27 31 2 126 2 2 1 12 1 50 1 2 16 3 1 3 49 3 3 3 7 3 2 4 2 8 12 4 2 1264 603 2 1 1 23 301 1124 1107 1097 248 1 37 2 7 39 53 17 6 2 3 1 1 1 1 1 134 229 3 5 1 3
-9999 -9999 -9999 -9999 -9999 -9999 -9999 -9999 -9999 -9999 8 2 155 6 10 3 3 4 88 17 2 15 1 14 2 1 20 22 6 16 2 4 134 3 3 9 172 3 230 2 4 3 28 1 32 34 2 29 4 2 2 239 3 4 22 5 2 6 2 3 2 2 1 2 438 2 1 1 11 1 32 1 46 2 1 47 12 1 8 1 2 1 7 2 1 4 8 13 1 4 3 1 9 2 2 4
-9999 -9999 -9999 -9999 -9999 -9999 -9999 -9999 -9999 -9999 2 2 151 2 1 2 1 6 73 5 8 4 7 3 1 18 1 1 1 1 3 2 2 444 6 2 1 96 2 2 3 6 18 4 83 2 2 30 7 4 2 1 4 18 1 1 3 6 4 2 6 2 3 2598 3 5 13 1 3 3 3 11 1 3 3 39 2 1 10 3 2 9 1 2 2 2 1 1 15 1 3 248 797 1 7 2
-9999 -9999 -9999 -9999 -9999 -9999 -9999 -9999 -9999 -9999 99 1 10 63 2 3 1 7 41 6 1 8 6 3 7 1 19 3 48 2 1 1 2 3 1 10 1 70 177 7 3 5 3 70 60 7 2 31 9 5 506 217 20 12 3 1 1 2 4 4 7 4 3447 2 2 1 1 9 3 1 1 7 1 2 8 30 2 1 1 1 1 1 10 4 1 2 6 3 10 14 3 1 26 16 1 1
-9999 -9999 -9999 -9999 -9999 -9999 -9999 -9999 -9999 -9999 83 8 7 1 46 5 1 12 18 29 1 1 2 1 1 10 4 1 2 1 2 7 1 2 613 1 1 2 514 3 2 3 1 35 1 448 667 668 102 80 3 3 1 2 1 2 5 4 71 6 304 3240 3 2 2 4 1 11 6 4 1 1 1 2 1 27 1 1 7 3 2 3 30 1 18 3 10 2 1 2 1 2 4 272 3 2
-9999 -9999 -9999 -9999 -9999 -9999 -9999 -9999 -9999 -9999 50 27 2 2 57 2 1 11 2 9 1 1 1 2 2 2 1 3 7 49 2 15 1 4 666 2 3 1 86 3 1 3 2 6 74 18 5 4 2 2 1 1 3 3 3 4 8 1153 1257 2842 1745 3 2 1 5 7 30 2 1 1 4 2 5 1 3 9 6 2 4 6 1 2 4 43 3 1 2 3 1 11 2 2 1 1 145 1
-9999 -9999 -9999 -9999 -9999 -9999 -9999 -9999 -9999 -9999 39 14 3 1 3 77 1 2 2 2 7 2 1 3 2 6 3 2 2 2 2 27 2 2 40 581 10 1 528 1 26 1 2 52 1 2 1 1 1 1 2 3 5 4 1534 2735 2603 11 1 3 2 2 1 7 1 28 1 2 201 17 11 9 7 2 1 3 1 3 1 1 1 3 1 2 8 1 14 2 1 66 1 2 8 2 3 2
-9999 -9999 -9999 -9999 -9999 -9999 -9999 -9999 -9999 6 15 8 27 3 4 1 25 3 2 2 1 1 3 5 7 1 12 2 10 10 104 46 2 1 1 5 503 2 701 19 6 1 4 905 2 1 2 2 3 5 3 1932 2188 2291 4 2 4 4 3 1 2 1 6 11 1 3 256 45 1 19 60 2 1 1 3 1 1 7 6 37 8 1 1 5 128 2 4 57 74 2 1 5 9 8 342 28
-9999 -9999 -9999 -9999 -9999 -9999 -9999 -9999 -9999 2 12 18 1 8 1 4 3 2 1 3 2 2 2 3 11 21 3 7 2 3 17 1 4 2 1 1 4 646 23 5 2 1 5 684 1 3 4 1417 2222 2092 1960 1 2 1 1 1 2 2 1 5 2 22 2 2 373 371 7 2 1 1 1 99 1 16 2 4 3 2 1 28 1 3 17 1 144 2 62 2 2 2 10 2 1 11 450 9
-9999 -9999 -9999 -9999 -9999 -9999 -9999 -9999 13 1 5 1 6 2 2 1 2 1 1 2 9 2 7 1 7 42 2 45 2 4 9 174 30 16 1 3 1 360 4 1 2 2 4 212 3 2741 1905 655 1 1 2 1 1 2 1 2 3 3 14 1 4 1 169 2 11 7 19 7 17 10 1 1 94 13 8 11 1 1 7 11 92 113 93 110 269 1 49 5 2 1 1 11 1 1 364 5
-9999 -9999 -9999 -9999 -9999 -9999 -9999 2 2 16 2 3 3 1 2 2 3 4 5 2 12 5 5 5 1 8 85 1 5 1 4 135 2 23 7 1 2 283 5 2 1 2 2 2513 1262 2 2 1 2 1 1086 1102 1117 15 7 34 59 5 9 3 8 455 2 1 7 2 3 2 1 2 2 1 4 57 14 7 1 5 11 16 3 1 1 5 2 303 1 1 1 1 2 1 40 84 42 289
-9999 -9999 -9999 -9999 -9999 -9999 3 24 1 1 7 1 1 4 1 3 2 6 1 13 22 4 7 2 5 1 1 28 29 1 1 107 1 2 61 61 87 207 3 1 2 2 4011 2 1 1 2 1 1253 1207 2 2 2 2 3 3 2 807 755 701 306 99 3 4 1 2 2 1 2 11 1 4 2 1 15 1 2 1 6 2 1 1 6 1 1 269 2 1 1 6 11 320 1284 36 942 5
-9999 -9999 -9999 -9999 -9999 2 1 15 1 1 1 2 3 9 1 1 2 2 15 4 44 10 1 9 12 6 2 1 1 76 111 6 2 3 1 2 2 168 2 1 4 5703 15 1 1 2 2388 3033 1550 23 1 1 1 1 1 2 2 3 4 6 5 133 141 117 5 3 2 1 58 49 1 8 3 2 2 1 10 1 1 1 3 12 1 18 4 301 6 2 331 382 451 7 4 36 3 4
-9999 -9999 -9999 -9999 -9999 3 6 4 3 1 2 5 5 16 1 4 2 3 2 2 58 4 2 2 15 1 10 31 3 1 37 1 1 3 14 4 1 53 1 2 1468 2 1 2 1184 2694 5 2 2 1299 789 968 901 931 2 1 1 2 1 3 8 8 18 2 60 35 28 85 1 5 7 2 3 1 2 21 1 5 1 4 2 10 10 3 27 538 410 522 2 16 23 3 2 35 2 23
-9999 -9999 -9999 -9999 -9999 2 1 1 1 3 137 168 90 176 78 31 3 3 2 3 5 1 6 3 45 1 2 25 43 65 98 5 3 3 1 25 4 1902 1 1200 3689 2 3 531 2 2 2 2 2 2 61 2 2 4 693 634 1344 2 2 2 6 3 15 4 2 4 2 12 1 1 2 5 1 2 1 1 22 1 2 1 1 3 3 29 9 75 10 2 8 9 7 10 1 33 9 8
-9999 -9999 -9999 -9999 2 1 2 4 2 89 15 16 2 2 2 126 1 9 13 5 53 2 18 6 -9999 6 4 3 1 4 1 256 1 2 1 1 -9999 135 1309 2 1 1 1101 1103 2 1 7 9 5 1 64 67 1 4 3 3 5 1315 1 1 3 2 13 1 2 4 1 1 1 2 6 4 1 33 14 1 31 6 1 16 25 1 5 1 133 16 16 3 4 10 5 4 1 2 8 6
-9999 -9999 1 2 2 1 46 2 2 82 8 1 2 3 3 3 165 245 296 154 118 524 1 105 1 -9999 1 2 1 -9999 -9999 -9999 -9999 -9999 2 3 -9999 -9999 -9999 1 2 5 542 2 2 1 12 12 5 1 11 4 11 3 3 1 1 5 1000 5 2 1 2 3 1 1 3 1 9 1 16 1 44 48 82 5 7 2 2 1 2 19 157 58 12 19 2 4 2 4 3 2 26 2 3 2
-9999 -9999 2 12 2 1 14 1 4 81 1 1 5 1 2 5 3 14 22 27 24 -9999 -9999 3 1 -9999 -9999 1 2 -9999 -9999 -9999 -9999 -9999 -9999 -9999 -9999 -9999 -9999 -9999 -9999 -9999 98 1 1 21 3 2 24 22 4 1 11 7 8 4 1 1 681 358 5 1 1 1 1 461 567 499 513 238 202 138 97 28 2 44 20 20 12 1 1 66 5 7 18 9 4 1 5 9 1 1 18 2 1 1
-9999 4 1 1 1 1 16 1 1 9 13 2 1 1 3 1 4 1 3 6 1 -9999 -9999 2 1 -9999 -9999 -9999 -9999 -9999 -9999 -9999 -9999 -9999 -9999 -9999 -9999 -9999 -9999 -9999 -9999 -9999 1 1 1 1 1 11 6 2 6 1 19 3 8 7 3 150 2 105 844 1 2 777 807 2 1 3 3 6 1 1 5 15 18 1 1 6 2 2 1 69 4 35 3 2 4 32 2 1 3 2 4 2 4 9
-9999 3 1 3 4 4 10 5 1 5 7 17 3 1 2 6 2 1 1 1 2 -9999 -9999 -9999 -9999 -9999 -9999 -9999 -9999 -9999 -9999 -9999 -9999 -9999 -9999 -9999 -9999 -9999 -9999 -9999 -9999 -9999 1 4 3 1 30 74 142 4 1 1 2 5 1 5 3 134 3 1 4 539 512 2 4 11 10 1 1 1 16 1 2 5 2 4 9 2 2 10 61 3 2 9 1 3 1 2 8 4 1 1 1 1 1 1
-9999 2 1 7 2 29 4 1 1 1 2 6 2 5 7 1 5 8 3 2 -9999 -9999 -9999 -9999 -9999 -9999 -9999 -9999 -9999 -9999 -9999 -9999 -9999 -9999 -9999 -9999 -9999 -9999 -9999 -9999 -9999 -9999 -9999 1 2 100 152 1 1 89 86 3 1 44 2 3 1 113 5 2 2 3 10 1 3 152 2 1 3 8 4 14 6 1 2 1 5 1 30 4 10 2 4 4 2 2 1 1 2 1 1 3 8 1 2 9
-9999 339 346 1 131 2 1 153 28 2 2 6 2 2 12 13 1 3 14 7 -9999 -9999 -9999 -9999 -9999 -9999 -9999 -9999 -9999 -9999 -9999 -9999 -9999 -9999 -9999 -9999 -9999 -9999 -9999 -9999 -9999 -9999 -9999 2 189 80 1 65 1 1 1 52 49 1 24 1 1 16 1 1 1 2 8 1 78 86 1 1 11 173 88 9 3 1 2 4 1 1 15 3 1 2 2 2 3 9 13 2 6 2 9 2 3 1 12 1
1 6 2 3 193 23 3 1 1 1 1 1 2 6 8 53 1 2 10 -9999 -9999 -9999 -9999 -9999 -9999 -9999 -9999 -9999 -9999 -9999 -9999 -9999 -9999 -9999 -9999 -9999 -9999 -9999 -9999 -9999 -9999 -9999 -9999 20 31 3 1 109 32 2 2 1 36 35 1 37 30 1 1 20 4 1 6 1 2 2 43 1 3 2 44 72 58 1 41 29 15 2 16 2 1 1 8 2 2 2 7 7 28 1 14 1 21 1 1 1
2 2 1 2 13 5 1 22 1 2 1 2 4 4 1 8 7 1 -9999 -9999 -9999 -9999 -9999 -9999 -9999 1 -9999 -9999 -9999 -9999 -9999 -9999 -9999 -9999 -9999 -9999 -9999 -9999 -9999 -9999 -9999 -9999 -9999 -9999 2 2 3 1 4 32 56 32 15 2 24 9 4 3 2 101 2 1 3 1 25 1 130 3 1 2 1 45 2 47 14 7 1 5 4 1 4 7 1 1 1 2 21 27 1 2 24 1 28 1 1 15
1 1 2 1 10 1 1 5 39 5 1 6 14 24 29 1 10 2 1 -9999 -9999 -9999 -9999 -9999 11 4 1 1 -9999 -9999 -9999 -9999 -9999 -9999 -9999 -9999 -9999 -9999 -9999 -9999 -9999 -9999 -9999 -9999 -9999 2 11 1 1 1 7 1 4 2 1 5 2 5 3 26 42 7 2 1 42 2 10 20 6 1 3 65 1 1 2 1 4 3 2 1 26 8 1 13 2 4 1 4 1 5 23 4 36 1 1 34
2 4 40 31 22 1 1 6 11 6 2 1 2 1 1 2 -9999 1 1 -9999 -9999 -9999 -9999 -9999 2 2 2 3 1 -9999 -9999 -9999 -9999 -9999 -9999 -9999 -9999 -9999 -9999 -9999 -9999 -9999 -9999 -9999 -9999 4 3 1 3 3 1 1 1 12 1 1 1 2 4 12 36 1 2 2 27 2 1 73 2 1 3 1 14 6 1 4 1 1 1 19 1 1 31 2 1 2 3 88 1 30 1 2 6 59 1 3
67 54 1 5 3 5 1 3 12 2 2 1 51 40 18 2 -9999 -9999 -9999 -9999 -9999 -9999 -9999 -9999 63 45 5 1 5 19 5 -9999 -9999 8 7 10 1 3 2 -9999 -9999 -9999 -9999 -9999 1 1 1 3 43 60 53 45 39 22 26 27 2 1 4 1 18 22 9 2 18 1 2 57 4 1 1 7 7 1 1 1 3 2 3 73 1 28 6 1 2 1 2 91 1 8 6 1 1 18 2 1
2 1 4 7 1 7 1 3 2 2 4 24 1 14 1 83 -9999 -9999 -9999 -9999 -9999 -9999 -9999 -9999 1 47 10 26 3 14 3 3 5 3 4 4 4 2 4 2 -9999 -9999 -9999 -9999 1 3 2 4 131 96 1 8 7 4 1 1 19 3 1 8 3 2 2 2 8 7 1 2 6 1 12 1 47 63 27 23 10 3 2 1 66 70 2 2 3 2 4 154 1 4 13 1 2 1 23 1
1 79 73 8 2 2 1 1 1 1 4 1 4 3 1 4 -9999 -9999 -9999 -9999 -9999 -9999 -9999 -9999 8 5 20 6 10 2 1 1 3 1 2 2 2 1 2 2 -9999 -9999 -9999 -9999 3 3 10 2 45 2 27 71 4 4 11 1 2 4 1 1 1 2 3 2 3 1 1 4 15 6 7 3 19 25 1 6 2 3 1 5 1 2 4 2 2 8 10 1 122 1 10 2 3 1 1 86
