data/grids/PRECDM.asc
NCOLS 822 
NROWS 563 
XLLCORNER -58000 
YLLCORNER 5661000 
CELLSIZE 1000 
NODATA_value -9999 
[rows 360 to 404 of 563, columns 384 to 479 of 822]
46 47 48 49 49 48 48 49 49 51 52 53 53 54 53 52 52 52 51 49 50 46 46 49 51 51 49 47 47 47 46 46 47 47 46 46 45 45 43 43 44 44 43 43 43 43 44 46 49 52 52 51 48 46 45 43 43 42 42 42 43 46 48 44 45 47 51 56 58 60 58 53 52 52 52 57 61 58 54 58 63 58 51 48 47 46 46 46 45 46 45 46 49 48 48 51
47 47 48 49 51 49 50 49 50 52 53 54 54 54 54 53 53 53 53 48 48 47 47 49 51 51 49 48 46 47 47 46 46 46 46 45 46 46 44 43 44 45 44 44 43 44 46 47 50 51 51 52 50 47 45 44 43 43 43 42 43 46 48 45 44 46 50 55 58 60 59 54 52 54 55 55 61 61 56 55 61 59 51 48 47 46 46 46 45 45 46 46 47 49 50 50
47 48 49 50 50 51 51 51 51 53 54 54 55 55 55 53 53 54 54 52 48 48 49 50 51 51 50 47 47 47 48 47 46 46 47 45 45 45 44 44 45 45 46 45 45 45 46 49 51 51 51 52 52 50 47 45 45 44 44 43 43 45 49 47 45 46 51 54 58 60 59 55 53 53 55 56 59 63 58 58 61 56 51 48 47 47 46 46 46 46 47 46 47 48 49 52
47 49 50 50 50 52 52 53 52 54 55 55 56 56 55 54 54 55 54 52 50 51 51 51 52 52 50 48 47 47 48 47 46 46 47 45 45 45 45 45 46 46 47 46 46 46 46 51 51 51 52 52 53 51 49 47 46 45 44 43 44 45 48 49 47 46 50 56 58 60 60 56 54 54 56 57 60 62 62 59 63 59 53 49 48 48 46 47 46 48 47 47 46 47 48 50
48 49 50 49 50 52 53 54 54 55 55 56 56 56 56 55 55 55 55 53 51 52 52 52 52 52 50 49 47 47 47 47 46 46 47 46 45 45 46 47 48 47 47 48 47 48 46 49 51 52 52 53 54 54 52 48 47 45 44 44 44 45 47 51 50 48 51 57 59 60 60 58 57 57 57 58 59 61 61 59 62 62 56 50 48 48 47 47 47 47 49 48 48 47 48 49
48 49 50 48 50 51 53 55 55 56 56 56 57 56 56 56 55 55 54 52 51 51 53 53 53 53 52 50 48 48 47 47 46 46 47 46 46 46 47 47 49 49 49 49 50 51 47 48 50 52 53 54 55 56 54 49 46 45 44 44 45 45 47 51 54 52 52 58 60 60 61 60 59 59 59 59 59 62 64 60 60 62 56 50 49 48 48 47 47 48 50 48 49 47 47 49
48 48 48 48 50 53 54 55 56 56 57 56 57 56 56 56 56 56 54 53 51 51 54 54 54 54 52 50 49 48 48 47 47 47 46 47 47 47 47 47 49 50 50 51 52 53 49 48 49 52 55 55 56 57 53 49 48 45 45 45 46 46 47 49 52 55 59 61 62 61 62 62 60 60 61 61 60 65 66 64 61 59 54 50 49 48 47 47 48 50 51 51 52 48 47 48
48 47 47 48 50 53 54 55 57 57 57 57 57 57 56 56 56 55 53 52 51 51 53 54 54 54 52 51 50 50 49 48 48 47 47 47 48 48 47 48 48 49 50 52 55 56 52 48 50 52 53 54 56 56 54 50 48 47 45 45 46 48 47 48 52 58 62 62 63 63 62 64 60 61 63 62 60 64 68 66 61 56 52 50 48 48 48 47 48 52 53 54 52 48 48 49
48 47 47 49 50 51 53 55 57 57 58 57 57 57 57 56 56 54 53 52 52 52 53 54 54 54 53 51 51 50 49 49 49 48 48 48 50 49 49 48 49 51 51 53 55 55 52 50 48 50 51 55 56 57 54 50 48 47 45 45 46 48 47 48 50 54 59 63 63 63 62 66 62 63 65 64 61 63 68 66 61 56 52 51 49 49 49 49 49 50 54 54 50 49 49 51
48 48 47 48 49 49 50 53 56 56 57 56 56 57 57 56 55 54 54 54 54 54 54 55 55 55 54 52 52 51 50 51 50 48 48 50 50 51 50 50 50 53 55 54 56 56 53 53 49 50 52 56 56 56 53 50 48 47 46 46 46 46 47 48 49 52 58 62 62 64 63 66 66 65 67 63 62 63 68 65 60 56 54 52 50 50 50 53 50 53 54 52 55 50 48 52
48 48 47 47 48 48 49 51 54 54 53 53 54 56 56 56 55 55 55 55 55 55 55 55 55 56 55 54 53 52 51 50 50 49 50 51 52 52 51 51 51 54 57 53 56 56 54 53 51 51 53 56 55 54 51 49 48 47 47 47 47 47 47 49 51 52 57 62 61 62 64 65 67 67 68 65 63 64 66 61 58 54 55 54 53 52 50 53 52 54 52 51 54 51 49 49
48 48 47 47 47 47 48 49 52 52 51 51 53 53 54 56 56 56 56 56 55 55 55 55 56 56 56 54 52 52 51 50 50 50 50 52 52 53 53 53 53 56 58 56 55 55 54 53 53 52 53 56 54 52 50 49 48 48 48 48 48 48 47 48 50 52 55 63 61 58 62 63 65 68 69 66 64 64 60 60 56 52 52 52 56 56 52 54 55 56 53 50 50 49 48 50
49 49 48 48 47 47 47 48 50 50 49 50 51 52 53 55 57 56 56 56 56 56 56 56 57 57 57 55 53 53 53 51 51 52 51 54 55 54 54 55 56 57 58 57 55 55 54 54 54 53 54 56 54 52 51 49 48 48 49 49 49 49 49 48 49 54 59 64 62 58 57 61 64 67 69 69 65 64 59 57 54 52 51 51 52 54 55 56 58 57 53 52 50 48 50 51
50 49 49 49 47 46 46 47 47 48 49 50 52 53 53 54 56 57 57 57 57 57 56 56 57 57 57 56 55 53 52 52 53 54 53 56 57 56 56 57 58 57 57 57 56 57 55 55 54 55 56 55 53 51 50 49 49 49 50 50 51 51 50 48 49 54 60 61 63 58 58 59 63 65 68 69 68 64 60 56 56 53 51 50 52 54 54 55 57 56 53 53 53 49 49 50
49 49 48 48 47 46 46 46 47 47 49 49 52 53 54 55 57 57 56 57 57 57 57 57 57 58 57 57 55 53 52 53 56 55 55 57 58 57 57 58 59 58 58 59 57 59 56 56 55 57 58 54 52 51 50 49 49 50 50 50 51 53 51 49 49 51 57 55 53 55 56 56 62 65 67 67 68 66 61 60 59 53 52 52 50 52 52 52 55 55 55 54 52 49 51 54
48 49 48 47 47 47 47 46 47 48 48 48 49 51 55 56 57 56 56 57 57 56 55 58 58 58 57 56 55 55 54 54 55 54 53 56 57 57 57 58 59 58 59 60 59 59 57 58 57 58 59 55 52 51 51 50 50 50 51 51 52 52 50 50 49 49 50 50 52 53 53 56 58 66 68 69 66 65 63 61 59 56 53 54 51 51 52 50 53 54 52 51 51 49 51 54
47 49 49 47 47 47 46 46 46 47 48 48 50 51 54 55 57 56 55 58 57 54 55 58 58 58 58 57 57 57 55 55 54 54 53 54 55 56 57 58 58 57 59 60 60 58 58 58 59 59 59 56 53 52 52 50 50 50 52 53 56 52 51 50 51 53 52 52 56 61 58 58 61 64 68 69 66 62 60 59 55 53 54 54 53 51 50 51 50 50 51 50 49 49 50 52
47 48 48 47 47 46 48 46 46 47 48 51 52 55 57 57 58 58 54 57 54 52 54 58 59 59 58 58 58 58 56 55 54 54 54 54 55 55 56 58 57 57 58 60 61 58 57 58 60 59 60 57 54 52 52 51 50 50 51 52 54 52 52 52 52 53 57 58 59 62 62 60 65 66 67 68 66 62 59 57 54 53 52 53 53 51 50 51 51 51 50 50 51 51 51 53
47 47 47 47 46 46 47 46 47 48 48 49 50 52 57 56 57 55 55 56 51 50 51 56 57 59 58 58 58 58 56 55 55 55 55 55 55 55 55 56 57 57 58 59 61 58 57 59 60 59 57 56 54 52 52 51 51 51 51 51 52 52 53 54 58 54 55 57 62 63 63 61 65 68 67 67 65 60 58 57 54 55 54 53 52 52 51 52 54 54 51 53 53 55 54 54
47 47 46 46 46 46 47 46 46 46 47 48 48 50 54 54 52 52 55 53 50 49 51 53 56 57 57 59 59 58 58 57 57 55 55 55 55 55 56 56 56 56 58 59 62 59 58 57 60 59 57 55 54 52 52 51 51 52 51 51 52 53 54 57 59 59 59 60 61 63 62 62 63 68 65 64 63 58 55 55 56 57 58 54 54 54 52 52 55 54 51 56 59 59 58 55
47 47 46 46 46 46 46 46 46 46 47 47 49 49 51 50 48 50 50 50 49 49 51 52 55 56 56 58 57 59 57 56 56 55 53 54 54 55 57 56 56 57 58 60 62 62 59 59 60 60 58 55 54 53 53 52 52 52 52 52 53 54 56 57 61 60 60 60 60 63 62 63 64 67 62 62 60 57 57 56 59 60 60 55 57 56 54 51 57 54 52 56 58 61 60 58
47 47 46 46 46 46 46 46 46 46 46 47 48 47 48 47 47 47 48 48 48 49 50 53 54 53 55 58 55 55 54 52 54 53 52 53 54 53 56 56 57 57 58 62 63 61 61 61 62 61 61 58 55 53 53 52 52 53 52 53 54 57 61 58 61 61 62 62 61 62 62 64 65 64 61 61 60 59 59 59 61 61 61 57 59 59 55 52 57 57 53 53 54 58 56 59
47 47 46 46 46 46 46 45 46 46 46 46 47 47 46 47 46 47 47 47 48 51 51 53 53 54 57 56 56 53 53 51 54 53 51 52 52 54 55 55 56 57 59 62 64 62 62 62 62 62 62 60 56 54 53 53 53 53 53 53 56 60 64 61 61 63 63 63 62 61 60 62 66 63 62 59 60 62 61 61 62 60 60 59 60 61 56 53 55 59 57 59 55 56 58 57
47 47 47 46 46 46 46 46 46 47 46 46 46 46 46 46 46 46 47 48 51 52 50 50 53 53 54 56 54 52 52 51 52 53 50 52 52 54 56 55 57 59 59 61 62 62 62 62 61 62 62 60 58 54 53 53 53 54 53 54 58 62 64 63 63 62 63 63 62 60 58 61 63 60 58 55 56 60 58 58 60 58 59 62 63 61 56 54 54 55 58 60 62 62 64 63
47 47 47 47 46 46 46 46 46 46 46 45 46 46 46 45 47 48 49 50 51 50 49 51 53 54 56 56 53 53 51 51 52 52 51 51 52 54 55 54 54 57 58 59 59 62 63 63 61 61 61 60 58 56 55 55 54 54 54 55 58 62 63 62 62 62 61 62 62 61 59 63 61 56 55 54 58 61 58 56 57 55 58 63 64 62 59 55 56 58 58 57 59 67 65 67
47 47 47 47 46 46 46 46 46 46 46 46 46 46 46 45 46 47 48 51 51 49 50 52 52 54 57 57 55 53 51 50 52 51 51 51 51 54 54 53 53 56 57 58 57 60 64 63 59 58 59 58 58 57 56 56 54 55 55 55 57 61 64 63 62 61 60 61 61 61 59 61 61 53 53 58 60 60 60 58 55 54 54 59 64 60 57 54 56 62 63 62 59 59 62 64
47 47 47 47 47 46 46 46 46 47 46 45 46 45 46 47 47 48 48 48 49 49 48 50 53 54 57 56 57 53 50 51 52 50 50 50 51 55 54 53 53 55 56 56 56 59 63 61 57 56 56 57 56 56 56 57 55 55 56 55 58 62 65 64 64 63 61 60 59 59 58 60 61 55 53 57 56 59 57 57 55 53 55 57 64 64 57 58 57 57 63 66 64 62 64 68
47 47 47 47 47 46 46 46 46 47 47 46 46 45 47 47 48 48 47 47 47 49 51 53 53 54 56 55 56 51 48 51 52 50 50 50 51 54 53 54 53 53 56 56 55 57 59 57 56 55 55 55 55 55 57 57 56 57 56 55 58 62 66 67 66 66 65 62 62 62 59 60 61 55 53 55 56 57 53 58 54 53 55 57 61 65 59 63 62 58 60 64 64 67 65 68
47 47 47 48 48 47 46 47 47 47 46 46 46 45 46 47 47 46 46 48 50 50 52 53 54 55 55 55 55 51 48 50 50 49 50 50 51 54 52 54 53 52 55 55 55 55 56 55 55 55 55 56 56 55 55 57 60 63 61 56 57 64 68 68 68 70 70 70 68 67 60 56 59 54 54 54 53 56 54 55 54 52 57 59 61 65 64 62 66 61 59 61 63 66 66 69
47 47 48 47 49 47 47 46 46 48 47 47 47 46 46 47 46 47 47 49 50 50 51 53 55 55 54 54 55 53 47 48 49 50 50 50 51 54 51 53 54 53 54 53 55 55 56 55 55 55 56 56 56 56 56 57 62 65 63 61 57 59 62 68 71 70 68 69 71 68 62 56 57 52 53 53 53 56 53 53 52 54 57 61 64 65 66 63 67 65 60 65 63 63 65 69
47 47 48 47 47 47 47 47 47 48 49 48 47 47 46 47 47 48 49 49 49 50 52 54 55 53 52 54 55 52 47 46 48 49 49 50 50 53 52 54 54 53 54 51 53 55 55 55 56 56 56 56 58 62 63 59 60 63 66 63 57 58 62 69 70 67 64 65 69 67 62 56 54 51 52 53 54 58 53 50 55 57 59 63 64 65 66 66 67 67 61 67 68 67 67 68
47 47 47 47 47 47 47 47 48 48 48 47 47 47 46 46 47 48 50 49 48 50 52 52 53 51 51 54 54 50 46 46 47 49 50 49 49 51 51 53 53 52 53 51 53 55 55 56 57 57 57 59 62 67 64 62 61 61 65 64 60 58 62 67 68 67 61 61 66 64 56 55 52 50 54 53 55 56 53 50 55 57 58 62 62 60 63 67 68 68 66 66 69 70 70 70
47 47 47 48 48 48 48 48 48 48 48 47 47 46 47 47 48 48 49 48 48 49 49 50 51 51 53 56 53 46 45 46 47 49 49 49 49 50 51 52 52 51 51 52 53 55 56 56 57 57 57 61 66 68 67 66 65 62 64 65 64 59 61 64 67 66 61 57 61 60 54 55 51 51 53 51 54 53 53 49 53 53 53 56 59 62 62 64 66 68 69 68 70 70 71 70
46 47 47 48 48 48 47 48 48 48 47 47 47 46 47 47 49 49 48 47 47 48 50 51 51 52 54 56 49 44 45 46 47 48 49 50 50 50 50 51 51 51 53 55 54 56 56 58 59 58 58 61 63 67 68 68 68 65 64 66 69 63 62 64 67 66 60 56 56 56 54 56 51 51 50 50 51 52 53 50 54 56 52 53 58 62 60 60 63 66 70 69 68 68 71 71
46 47 47 47 48 47 48 48 48 47 47 46 46 47 47 48 49 49 49 47 47 49 51 51 51 52 54 50 45 44 45 46 47 47 49 50 50 50 50 51 51 51 52 53 55 56 57 60 63 64 60 60 63 66 68 69 68 67 66 67 69 65 63 66 69 67 62 59 53 54 53 55 51 50 50 51 50 50 50 51 53 59 57 56 56 58 60 59 65 69 70 69 68 71 71 72
46 46 47 47 47 46 47 47 48 47 47 46 47 48 48 48 49 50 50 48 47 48 48 50 52 52 54 45 45 45 45 46 47 48 49 51 50 50 51 52 52 51 53 54 55 56 57 58 60 61 60 61 64 66 68 69 69 68 67 68 69 63 60 63 69 69 64 60 53 53 52 52 50 51 51 55 53 51 50 53 55 59 61 64 62 58 60 63 66 70 70 61 67 70 71 72
46 46 46 47 47 47 47 48 48 48 47 46 47 47 48 49 50 51 50 49 47 47 50 51 51 52 46 45 45 45 45 46 47 48 50 51 51 51 51 52 53 52 52 54 55 56 57 58 59 60 59 61 63 66 67 70 70 70 70 71 69 62 57 59 65 64 59 56 53 53 51 51 52 53 54 57 59 54 50 50 52 56 64 65 67 64 63 64 68 70 65 62 67 71 72 72
46 46 46 47 47 47 47 48 48 48 47 47 48 49 49 50 51 50 50 49 47 46 49 50 51 49 46 45 46 46 46 47 48 49 51 52 53 52 52 53 54 53 52 53 55 57 59 61 62 63 62 64 64 66 68 70 71 72 72 71 69 62 56 56 58 56 54 53 52 52 51 51 52 53 56 55 57 57 53 51 48 49 56 57 63 63 62 67 70 70 67 60 69 72 72 73
46 46 47 47 47 47 47 47 47 48 47 47 48 48 49 51 50 50 49 49 47 46 47 47 48 47 46 47 47 46 47 48 48 49 51 52 52 52 53 53 55 54 52 53 56 58 61 64 62 62 63 67 69 70 70 70 71 73 71 68 64 59 56 55 55 54 54 53 52 52 51 52 51 51 50 52 54 57 57 56 50 51 49 52 54 54 59 65 69 67 64 58 65 70 72 73
46 47 47 47 47 47 47 46 48 47 47 47 48 49 49 51 49 49 48 48 47 47 47 47 46 47 47 46 47 47 48 49 49 50 51 52 52 53 54 56 55 55 52 53 57 59 62 64 62 59 61 67 69 67 64 65 69 70 70 69 64 57 55 56 55 54 54 53 52 52 54 52 52 52 51 51 52 55 59 55 53 55 61 56 54 51 59 59 64 62 58 59 62 66 70 73
45 46 46 47 47 47 47 46 47 47 47 48 48 49 49 50 48 49 47 47 49 49 48 47 48 49 49 47 48 48 49 50 50 51 52 52 53 53 56 59 56 54 53 54 57 59 60 63 62 58 59 65 68 62 59 62 66 65 65 65 65 57 57 56 55 55 54 54 53 52 53 55 55 53 56 53 51 55 59 60 53 54 60 63 62 54 53 58 58 53 57 58 65 67 67 72
45 46 47 47 46 47 46 47 49 47 47 49 48 48 48 47 47 47 47 48 50 50 50 48 48 50 50 48 49 49 50 51 52 52 53 53 53 54 55 58 57 53 53 54 56 58 58 59 60 58 59 64 61 59 58 58 59 58 61 60 59 56 57 56 55 54 54 55 54 53 52 54 57 58 54 58 54 53 57 62 59 55 57 61 65 61 59 55 57 58 64 63 64 68 68 69
45 46 47 47 46 47 47 46 48 47 47 47 47 47 48 47 48 48 48 49 50 51 50 49 49 50 51 50 50 50 53 53 53 53 53 53 54 54 55 57 55 53 53 53 55 57 57 58 58 58 58 58 58 59 59 59 59 58 57 58 59 57 57 56 55 55 55 57 56 55 54 52 54 57 57 61 58 54 57 61 64 60 59 58 63 68 67 63 65 64 70 69 69 70 69 69
46 46 47 46 46 46 46 47 46 47 48 47 47 49 49 48 49 50 49 49 50 52 51 49 50 51 53 52 51 52 54 54 54 54 54 53 55 54 55 56 54 54 53 53 54 56 55 55 57 57 58 58 58 57 58 59 59 60 59 59 58 57 57 56 56 55 56 58 60 59 56 53 52 53 58 63 61 56 58 59 65 64 63 62 64 69 70 70 71 67 72 73 72 73 74 74
46 46 47 46 45 45 46 46 47 47 48 49 48 48 49 50 50 51 50 51 51 53 52 50 51 52 54 53 52 53 55 56 56 55 54 53 55 55 54 54 53 54 54 53 54 54 54 55 55 57 57 57 57 57 58 59 59 58 58 57 58 58 56 56 55 55 56 55 58 61 57 57 53 53 56 64 64 58 62 64 64 64 65 65 67 70 71 72 73 72 74 75 73 74 75 75
