data/grids/PRECDM.asc
NCOLS 822 
NROWS 563 
XLLCORNER -58000 
YLLCORNER 5661000 
CELLSIZE 1000 
NODATA_value -9999 
[rows 405 to 449 of 563, columns 480 to 575 of 822]
75 75 76 76 76 76 76 76 76 77 78 77 77 76 76 76 76 75 74 68 65 65 63 68 68 64 68 68 70 73 72 73 73 73 72 72 71 72 72 71 70 68 69 69 69 68 66 61 52 49 50 56 56 55 52 55 60 62 62 60 56 56 56 51 46 48 50 50 50 51 48 47 47 46 48 46 46 44 42 44 47 44 44 45 46 47 45 44 45 46 48 48 46 46 44 45
76 76 76 76 76 76 76 77 77 77 78 79 78 78 77 77 76 76 76 74 71 65 63 69 66 68 70 70 71 73 73 72 72 71 70 71 70 72 71 70 70 69 69 69 69 68 65 61 52 46 51 55 52 52 51 53 60 61 58 59 57 52 51 50 46 51 52 49 47 47 47 46 45 45 46 44 44 43 42 42 45 44 43 45 45 46 44 43 45 46 46 45 45 44 44 43
76 76 76 76 73 75 76 76 77 77 78 79 79 79 78 78 77 76 76 76 73 67 64 67 66 66 69 71 72 73 71 71 72 71 71 70 71 72 72 70 70 68 69 70 68 68 65 65 53 48 53 53 50 52 54 54 59 59 55 56 59 55 51 48 46 49 49 47 45 45 44 43 44 43 44 43 42 42 41 42 43 43 43 44 44 45 44 43 44 45 45 44 44 44 43 43
76 76 76 74 71 76 77 77 77 77 78 78 79 79 79 78 78 77 77 76 75 70 65 66 69 67 67 68 71 72 70 71 71 71 70 71 72 72 71 71 69 69 69 70 69 69 68 66 54 46 51 49 51 54 55 57 58 56 53 54 57 55 52 49 47 47 46 45 45 44 43 43 42 41 41 41 41 41 41 41 43 43 43 43 43 43 43 42 44 44 44 44 44 43 43 43
77 77 77 76 72 73 73 72 77 78 78 79 78 79 80 79 79 78 78 77 76 73 67 66 69 70 67 67 71 72 70 70 70 70 70 72 72 71 71 70 69 69 69 70 68 69 68 65 56 49 47 47 50 51 53 56 56 54 51 51 51 52 49 47 47 46 46 47 47 45 45 43 42 41 42 41 41 40 41 41 42 42 42 41 42 42 42 43 44 44 44 44 44 44 43 43
77 77 77 77 70 68 65 67 75 77 78 79 79 79 80 80 79 79 78 77 77 74 69 66 68 71 70 69 69 70 70 71 70 71 71 72 72 71 71 70 68 69 69 70 68 69 68 66 58 53 47 47 47 50 52 55 55 53 52 50 50 51 49 48 51 50 48 49 47 46 46 44 43 43 43 42 41 40 40 41 41 41 40 40 41 41 42 43 43 43 44 44 44 43 43 43
78 75 77 75 63 68 62 63 71 77 78 79 79 80 80 81 80 80 79 78 77 76 72 66 68 70 71 71 66 71 71 72 72 72 72 72 72 72 72 70 68 68 70 70 68 68 68 66 59 53 51 48 46 50 49 52 55 53 53 51 52 53 54 52 54 52 49 48 47 45 44 43 43 43 42 41 40 40 40 40 40 40 40 40 41 41 41 43 43 43 43 43 43 42 43 43
75 71 74 70 63 68 61 63 67 73 78 78 79 81 81 80 80 81 79 78 78 77 75 69 67 65 70 69 69 72 72 73 73 72 72 72 72 72 72 71 68 69 70 70 69 67 68 66 59 53 52 49 45 47 48 48 54 54 53 54 55 55 55 52 51 50 47 45 45 43 42 42 42 42 40 40 40 40 40 40 40 40 40 40 40 41 41 43 42 42 43 43 43 42 42 42
69 68 65 63 63 70 63 62 65 67 76 78 79 80 80 80 80 80 80 79 79 78 76 72 69 63 69 69 70 72 73 74 73 71 72 72 72 71 72 72 68 69 71 70 69 66 68 66 56 50 48 47 45 47 45 48 52 55 53 55 54 53 51 50 48 47 46 44 44 43 42 41 42 41 40 40 39 39 39 40 40 40 40 40 41 41 41 42 42 42 43 43 42 42 42 42
64 64 57 60 66 66 63 62 63 64 71 76 79 79 80 79 79 79 79 80 80 78 77 74 71 67 65 68 70 73 74 74 73 72 70 72 71 72 73 72 69 69 70 70 68 65 68 66 55 52 49 47 47 47 44 47 48 50 50 51 50 49 49 47 45 45 44 44 43 41 42 42 41 41 40 40 39 39 39 39 39 39 40 40 41 40 42 42 42 42 42 41 42 41 41 41
61 63 59 64 65 62 59 60 60 62 67 71 77 79 79 79 79 80 80 81 81 79 78 72 70 65 67 65 72 74 74 74 73 72 71 70 71 72 73 72 71 68 70 70 68 66 69 67 55 52 52 50 48 46 44 45 47 49 47 48 46 44 45 44 44 43 43 43 42 42 41 41 40 41 40 39 39 39 39 39 39 39 40 40 40 40 41 41 41 41 41 41 42 41 41 41
60 63 57 63 64 60 55 56 59 60 65 69 70 74 79 79 79 80 81 81 81 79 78 73 71 65 69 67 73 74 73 73 73 73 72 71 70 73 73 72 71 68 67 69 69 66 65 66 53 50 50 48 47 47 46 43 43 46 46 45 45 45 43 43 42 43 42 42 41 42 41 41 40 40 40 39 39 39 39 39 39 39 39 40 40 41 41 41 40 41 41 41 41 41 40 41
60 62 54 59 65 61 54 55 62 63 64 67 63 71 78 79 79 80 80 81 80 79 78 74 71 61 71 70 73 74 73 72 72 73 73 71 73 73 73 73 72 70 67 64 68 62 63 62 52 50 47 45 44 44 44 45 44 43 45 44 45 45 43 41 41 41 42 41 41 40 41 39 40 40 40 39 39 39 38 38 39 39 39 39 39 41 41 41 40 40 41 41 41 41 40 40
63 63 54 60 65 62 54 54 56 60 62 66 64 67 73 77 79 80 80 80 79 79 75 73 72 69 69 68 74 74 75 74 74 70 65 67 73 73 73 73 72 69 67 66 67 64 59 61 53 51 48 45 45 45 44 43 43 42 42 43 44 43 42 41 41 40 41 40 40 40 40 39 39 40 40 39 39 38 38 38 38 38 39 39 39 40 41 40 39 40 41 41 41 41 41 40
60 57 53 60 62 59 55 54 61 65 65 62 60 65 74 79 78 79 79 80 79 76 74 72 71 67 69 74 74 74 75 74 74 73 72 69 73 73 73 73 72 71 70 68 69 65 58 55 51 48 46 45 46 46 44 44 44 42 42 42 43 42 41 41 40 40 40 40 39 40 39 39 39 39 39 40 39 38 38 38 38 38 38 39 39 39 40 39 39 40 40 41 41 40 40 40
56 51 56 58 61 58 53 53 57 63 65 61 58 65 69 73 76 79 78 78 77 73 72 72 72 68 68 74 75 74 74 75 74 74 71 69 73 73 72 73 72 71 70 69 69 65 58 50 49 46 46 46 46 45 45 45 43 42 42 43 44 44 41 40 40 40 40 40 39 39 39 39 39 39 39 39 39 39 38 38 38 38 38 38 39 39 39 39 40 40 40 40 40 40 40 40
52 48 55 55 59 59 53 52 56 63 65 61 59 60 65 70 73 76 73 74 72 70 71 71 72 72 62 74 74 74 74 74 74 74 71 67 74 73 72 73 71 71 69 67 66 62 61 54 47 47 47 46 46 46 46 44 43 42 42 42 44 43 42 40 40 40 40 39 39 39 38 38 38 38 39 39 39 39 38 38 37 38 38 38 38 39 39 39 40 40 40 40 40 40 40 40
49 48 51 51 58 59 54 52 59 59 62 62 61 59 60 64 67 70 69 69 69 67 70 70 73 73 64 73 75 74 74 74 74 74 68 64 74 73 72 72 70 68 66 64 62 58 60 54 49 47 46 44 44 45 45 44 43 43 43 43 43 43 42 40 40 40 39 39 39 39 38 38 38 38 38 38 38 38 38 37 37 37 37 38 38 38 38 39 39 40 40 39 39 39 39 39
54 50 51 53 56 57 55 51 59 58 59 61 61 60 59 57 59 63 63 64 64 65 69 72 73 73 72 71 74 75 75 75 75 74 69 65 73 73 72 71 69 67 64 63 60 57 59 52 48 46 45 44 43 44 44 44 43 44 43 43 43 42 41 40 40 40 39 39 39 38 38 38 38 37 37 37 38 38 38 37 37 37 37 37 38 38 38 38 39 39 39 39 39 39 39 39
54 53 52 50 51 56 54 51 57 56 58 61 63 63 61 59 56 57 56 59 60 67 68 72 73 73 73 72 75 75 75 75 73 74 71 62 72 73 72 72 70 69 65 65 62 57 55 50 46 45 45 44 43 43 43 43 42 43 43 42 42 41 41 41 40 39 39 39 39 38 38 38 38 37 37 37 37 38 38 37 37 37 37 37 37 38 38 38 38 39 39 39 39 39 39 39
52 54 52 51 49 53 51 50 55 57 58 60 61 63 62 60 59 60 58 57 65 66 68 71 73 73 72 69 75 75 75 75 73 72 72 59 70 71 69 72 71 69 68 66 64 60 56 50 47 44 45 44 43 42 43 42 42 42 42 42 41 41 41 41 39 39 39 39 39 38 38 38 37 37 37 37 37 37 37 37 37 37 37 37 37 37 38 38 38 39 39 39 39 39 39 39
49 53 52 53 52 50 50 49 53 58 59 61 60 62 63 61 61 61 58 55 62 64 69 70 72 73 71 64 74 75 75 75 72 66 65 59 66 59 58 69 70 65 63 54 54 58 58 50 47 43 43 42 42 42 42 42 41 42 42 41 41 40 40 40 40 39 39 39 38 38 38 38 37 37 37 36 37 37 37 37 37 37 37 37 37 37 37 38 38 39 39 39 39 39 39 39
49 53 52 52 54 50 48 48 52 60 61 60 60 60 63 63 63 62 58 57 58 63 67 69 69 73 70 65 73 74 72 73 72 63 63 57 66 64 65 57 59 54 51 49 55 55 53 48 45 42 42 42 42 42 41 41 41 41 42 41 41 40 40 40 40 40 39 39 38 38 38 37 37 37 37 36 36 37 37 37 37 37 37 37 37 37 37 38 38 38 38 38 39 38 38 38
48 51 51 50 52 50 47 49 53 56 59 57 56 60 62 63 59 60 59 54 58 61 68 68 69 71 68 57 71 74 69 66 59 51 53 56 65 63 68 57 63 64 64 59 60 50 50 46 42 42 42 41 41 41 41 41 41 41 40 41 40 40 40 40 39 39 39 38 38 38 38 37 37 37 37 36 36 36 37 37 37 37 37 37 37 37 37 37 38 38 38 38 38 38 38 38
48 48 52 50 50 49 48 50 52 52 56 54 53 57 60 61 55 55 59 56 53 60 66 66 68 68 72 63 56 67 64 54 60 57 62 66 66 68 65 62 64 65 61 61 59 53 46 42 42 41 41 41 41 41 41 41 41 40 40 40 40 40 40 40 39 39 39 38 38 38 38 37 37 37 37 37 36 37 37 37 37 37 37 37 37 37 37 37 38 38 38 38 38 38 38 38
47 48 51 50 48 49 49 48 51 49 52 54 56 61 58 57 54 51 55 56 50 59 64 63 65 66 72 69 66 58 55 61 64 69 66 64 67 68 67 64 64 65 63 62 59 53 48 42 41 41 41 41 41 41 41 41 40 40 40 40 40 40 39 39 39 39 39 38 38 38 38 37 37 37 37 37 37 36 37 37 37 37 37 37 37 37 37 37 37 38 38 38 38 38 38 38
48 49 49 51 47 49 49 46 51 48 53 57 59 55 55 57 54 50 51 53 50 56 64 61 58 61 68 71 71 71 68 67 68 69 71 68 66 65 66 63 61 60 59 59 56 50 43 42 41 41 41 41 41 41 41 41 40 40 40 40 40 40 39 39 39 39 38 38 38 38 38 37 37 37 37 37 37 37 37 37 37 37 37 37 37 37 37 37 37 37 38 37 37 37 37 37
47 46 48 50 49 47 48 47 48 48 51 57 54 52 53 54 51 51 53 49 51 60 63 63 55 60 68 70 70 70 69 69 68 69 69 66 63 58 63 63 61 61 60 55 52 47 43 42 41 41 41 41 41 41 41 40 40 40 40 40 40 39 39 39 39 39 39 38 38 38 38 37 37 37 37 37 37 37 37 37 37 37 37 37 37 37 37 37 37 37 37 37 37 37 37 37
46 47 49 48 48 48 48 46 47 47 50 57 53 52 53 53 51 50 49 49 53 57 62 63 57 61 66 68 67 66 62 63 63 68 68 64 61 56 61 60 58 56 56 50 46 43 42 42 42 41 41 41 41 41 41 41 40 40 40 40 40 39 39 39 39 39 39 38 38 38 38 37 37 37 37 37 37 37 37 37 37 37 37 37 37 37 37 37 37 37 37 37 37 37 37 37
46 47 48 47 47 47 48 46 47 48 49 57 53 51 49 48 52 49 48 47 50 51 56 59 55 56 62 66 64 66 63 56 58 64 67 65 65 58 56 59 57 52 50 45 43 42 42 41 41 41 41 41 41 41 41 41 41 40 40 40 40 39 39 39 39 39 38 38 38 38 38 38 37 37 37 37 37 37 37 37 37 37 37 37 37 37 37 37 37 37 37 37 37 37 37 37
45 46 47 47 47 46 47 45 47 49 48 53 50 51 48 46 48 48 49 49 48 47 52 56 52 57 59 62 58 61 63 61 54 60 63 65 64 60 53 57 55 49 45 42 41 41 41 41 41 41 41 41 41 41 41 41 41 40 40 40 39 39 39 39 39 39 38 38 38 38 38 38 37 37 37 37 37 37 37 37 37 37 37 37 37 37 37 37 37 37 37 37 37 37 37 37
45 45 47 47 46 46 45 45 47 48 48 49 48 51 47 45 46 46 47 50 52 46 48 53 49 56 59 61 57 55 59 59 51 57 59 62 59 58 52 51 52 46 43 41 41 41 41 40 40 40 41 41 40 40 40 40 40 40 40 40 39 39 39 39 39 39 38 38 38 38 38 38 37 37 37 37 37 37 37 37 37 37 37 37 37 37 37 37 37 37 37 37 37 37 37 37
46 45 45 46 46 47 46 45 45 47 48 46 47 48 45 45 45 45 46 48 49 45 45 50 48 54 60 59 58 54 53 52 50 55 58 56 52 54 49 45 45 42 41 41 40 40 40 40 40 40 40 40 40 40 40 40 40 40 40 40 39 39 39 39 39 39 38 38 38 38 38 38 37 37 37 37 37 37 37 37 37 37 37 37 37 37 37 37 37 37 37 37 37 37 37 37
47 46 45 45 45 46 47 46 46 46 47 46 45 46 45 44 44 44 44 46 48 46 43 45 46 55 58 57 58 58 57 52 47 58 60 56 50 49 48 42 41 40 40 40 40 40 40 40 40 40 40 40 40 40 40 40 40 40 39 39 39 39 39 39 39 39 38 38 38 38 38 38 38 37 37 37 37 37 37 37 37 37 37 37 37 37 37 37 37 37 37 37 37 37 37 37
47 47 46 45 45 45 46 47 47 46 46 45 44 45 45 44 44 44 44 44 48 49 45 43 43 49 52 55 56 57 56 50 45 55 57 55 50 46 44 43 40 39 39 39 39 39 39 39 40 40 40 40 40 40 40 39 39 39 39 39 39 39 39 39 39 39 38 38 38 38 38 38 38 38 37 37 37 37 37 37 37 37 37 37 37 37 37 37 37 37 37 37 37 37 37 37
46 46 46 45 45 45 45 46 47 46 46 45 44 44 44 44 44 43 43 44 48 49 50 47 42 46 47 49 54 52 46 50 44 51 53 49 49 46 43 41 39 39 39 39 39 39 39 39 39 39 39 39 39 40 39 39 39 39 39 39 39 39 39 39 39 39 38 38 38 38 38 38 38 38 38 38 38 37 37 37 37 37 37 37 37 37 37 37 37 37 37 37 37 37 37 37
46 46 46 45 45 45 45 45 46 46 46 45 44 44 44 44 44 43 44 44 48 49 48 47 43 42 43 46 49 54 50 50 42 44 49 46 44 43 42 39 39 39 39 38 39 39 39 39 39 39 39 39 39 39 39 39 39 39 39 39 39 39 39 39 39 39 38 38 38 38 39 38 38 38 38 38 37 37 37 37 37 37 37 37 37 37 37 37 37 37 37 37 37 37 37 37
46 46 45 45 45 45 45 45 45 46 45 45 44 44 44 44 44 44 45 44 44 46 49 51 47 42 41 42 45 49 51 51 44 40 44 42 41 40 38 38 38 38 38 38 38 38 38 39 39 39 39 39 39 39 39 39 39 39 39 39 39 39 39 39 39 39 38 38 38 38 38 38 38 38 37 37 37 37 37 37 37 37 37 37 37 37 37 37 37 37 37 37 37 37 37 36
46 46 46 46 46 46 45 45 45 45 45 45 45 44 44 44 44 44 44 44 43 43 46 50 46 46 44 41 42 48 51 48 48 42 39 39 39 38 38 38 38 38 38 38 38 38 38 38 38 39 38 39 39 39 39 39 39 39 39 40 40 40 40 40 40 39 38 38 38 38 38 38 38 37 37 37 37 37 37 37 37 37 37 37 37 37 37 37 37 37 37 37 37 37 37 36
45 46 45 46 46 46 46 45 45 45 45 45 45 44 44 44 44 44 44 43 43 43 47 49 48 44 43 44 41 42 45 47 46 42 39 37 37 37 37 37 37 37 38 38 38 38 38 38 38 38 38 38 38 39 39 39 39 40 40 40 40 40 39 39 39 39 39 38 38 38 38 38 38 37 37 37 37 37 37 37 37 37 37 37 37 37 37 37 37 37 37 37 37 37 37 36
45 45 45 45 46 46 46 46 45 46 45 45 45 45 45 45 45 44 44 44 43 43 44 46 45 43 41 40 39 38 40 42 41 39 40 37 37 37 37 37 37 37 37 37 37 38 38 38 38 38 38 38 38 39 39 39 39 40 40 40 40 39 39 39 38 38 39 38 38 38 38 38 38 37 37 37 37 37 37 37 37 37 37 37 37 37 37 37 37 37 37 37 37 37 36 36
45 45 45 45 45 46 46 46 46 46 46 46 45 45 44 44 44 44 44 44 44 42 43 44 42 42 41 39 39 38 38 38 38 37 37 36 36 36 36 36 36 37 37 37 37 37 37 37 38 38 38 38 38 38 39 39 39 39 39 39 39 39 39 39 39 38 38 38 38 38 38 38 38 37 37 37 37 37 37 37 37 37 37 37 37 37 37 37 37 37 37 37 37 37 37 36
45 45 45 45 46 46 46 46 46 46 46 46 45 45 45 44 44 43 44 43 43 43 42 42 41 40 40 38 38 37 37 37 37 36 36 36 36 36 36 36 36 36 36 37 37 37 37 37 38 38 38 38 39 39 39 39 39 39 39 39 39 39 39 39 39 39 38 38 38 38 38 38 38 37 37 37 37 37 38 38 37 37 37 37 38 38 37 37 37 37 37 37 37 37 37 36
45 45 45 45 45 45 46 45 46 46 46 46 46 45 45 44 44 44 43 42 42 42 41 40 39 39 38 38 37 37 37 36 36 36 36 36 36 36 36 36 36 36 36 36 37 37 37 37 37 38 39 39 39 39 39 39 39 39 39 39 39 39 39 39 39 40 39 39 39 39 39 39 39 38 38 38 38 38 38 38 38 38 38 38 38 38 38 38 38 37 38 38 37 37 37 37
45 44 45 44 45 45 45 45 46 46 46 46 46 46 46 45 45 45 44 43 42 40 40 39 39 38 39 38 38 37 37 36 36 36 36 35 35 35 36 36 36 36 36 36 37 37 37 37 38 38 39 39 39 39 39 39 39 39 39 39 40 40 40 40 40 40 41 40 40 40 41 41 41 39 39 40 40 39 39 39 39 39 39 39 38 39 39 39 38 38 38 38 37 37 37 37
