data/grids/PRECDM.asc
NCOLS 822 
NROWS 563 
XLLCORNER -58000 
YLLCORNER 5661000 
CELLSIZE 1000 
NODATA_value -9999 
[rows 360 to 404 of 563, columns 480 to 575 of 822]
51 47 48 48 47 47 47 47 47 48 48 49 50 48 49 49 50 53 57 59 53 53 54 54 52 54 58 62 60 54 54 57 62 60 59 57 54 54 54 55 55 56 56 59 63 62 58 57 59 60 62 66 67 68 69 69 69 67 64 61 60 63 65 64 61 59 57 57 58 61 62 62 59 58 58 56 55 55 55 54 53 53 53 53 54 55 54 52 53 54 55 57 60 61 61 59
53 51 50 49 48 47 47 47 47 48 48 48 48 48 50 52 52 55 58 59 55 54 56 59 56 53 56 62 60 55 53 57 61 60 62 59 55 53 55 57 56 56 57 60 63 62 59 57 59 60 62 66 68 70 69 68 68 67 65 63 62 65 66 62 60 59 58 57 57 60 60 62 62 60 57 57 56 57 56 56 55 55 54 52 52 55 53 52 55 55 56 56 59 59 59 58
56 57 55 49 49 48 48 48 48 48 48 48 48 48 50 53 51 53 56 59 60 57 59 61 59 55 55 61 59 56 53 57 60 58 61 60 55 53 55 57 59 60 60 62 63 63 60 58 58 60 62 66 70 71 70 68 68 67 65 64 63 66 65 63 62 61 58 56 57 58 59 62 64 60 57 58 57 58 57 58 57 56 56 53 52 55 52 52 54 55 56 56 58 59 60 58
54 60 59 51 51 49 48 48 48 48 48 48 50 49 50 50 51 53 56 61 63 61 60 62 60 57 56 62 57 55 53 57 59 57 60 62 58 54 54 56 58 63 62 63 63 62 60 58 58 60 62 66 68 70 70 68 67 68 66 65 65 66 66 65 63 60 58 56 58 60 61 62 65 61 60 59 58 58 59 59 57 56 55 54 51 52 51 50 51 53 55 57 59 58 59 58
51 56 57 54 51 49 48 48 49 49 49 48 51 51 51 52 52 55 58 62 63 64 64 64 63 59 58 63 58 55 53 56 58 56 59 61 59 55 54 56 58 62 62 63 64 61 59 58 58 59 61 63 64 67 69 68 67 68 67 66 66 67 67 64 62 59 58 56 59 60 63 64 66 61 63 62 60 60 61 59 59 57 55 56 54 52 51 51 51 53 55 57 57 56 58 57
50 53 53 58 53 49 50 49 49 49 48 49 53 52 52 55 55 60 59 59 61 63 66 68 64 61 62 62 60 58 55 56 56 56 59 60 60 57 53 56 58 62 59 61 60 59 59 57 58 60 66 65 67 69 68 67 67 69 68 66 67 67 67 65 62 60 58 58 58 59 62 65 66 63 66 66 63 64 65 62 60 58 57 56 55 54 52 53 51 54 55 55 54 55 57 57
49 53 55 60 55 52 53 49 49 49 49 49 54 53 53 59 58 58 56 60 59 61 66 68 64 65 63 59 59 60 57 55 55 58 59 59 59 57 53 57 60 58 57 59 57 57 58 58 60 63 66 66 68 70 68 66 68 69 67 65 67 67 69 67 63 61 59 60 58 59 60 62 64 62 64 65 64 64 65 62 58 59 58 56 55 55 54 55 52 52 54 53 54 56 58 56
50 54 60 60 56 53 51 49 49 49 49 49 53 56 54 60 58 54 53 57 58 64 65 66 67 64 60 57 57 60 59 54 55 59 59 58 59 58 54 56 57 56 56 56 59 59 60 61 61 65 66 66 67 69 67 66 67 69 67 64 65 65 69 66 64 62 62 60 58 58 58 60 61 60 64 63 63 64 65 65 60 62 59 57 56 56 54 55 54 51 52 53 55 55 57 57
54 57 59 57 55 50 52 49 49 49 49 49 51 53 56 56 53 53 58 58 61 63 61 64 66 63 60 59 56 58 59 56 56 57 58 58 57 56 54 56 56 58 58 57 57 58 59 60 61 63 66 66 66 67 67 66 68 68 65 63 63 66 68 67 65 63 60 60 61 59 59 58 60 60 61 62 62 64 66 65 66 65 60 58 58 56 53 56 54 50 51 54 55 57 57 56
57 60 59 53 52 52 50 49 50 50 49 49 51 52 55 53 51 56 60 59 58 59 62 66 66 62 59 55 56 56 57 57 55 56 57 58 58 55 55 55 57 60 61 60 61 60 61 60 62 63 65 66 66 67 66 66 67 66 63 62 62 65 66 68 65 63 62 62 62 62 61 61 59 60 61 62 62 63 64 65 65 65 64 61 58 56 55 56 54 51 51 54 56 57 55 54
56 62 61 57 56 52 49 54 56 53 50 49 50 50 52 51 51 56 57 55 59 59 61 65 65 61 59 59 56 55 56 58 56 55 56 59 59 56 54 54 58 61 64 64 63 62 61 62 64 66 66 67 66 66 66 66 64 63 61 64 63 63 66 68 66 66 64 64 63 63 63 63 61 63 64 63 62 62 64 64 64 65 66 62 58 57 56 54 53 50 51 54 54 56 56 55
54 59 62 59 56 51 51 55 59 56 50 50 50 50 51 52 52 52 52 57 61 62 61 64 66 65 62 61 60 56 55 56 57 55 57 59 59 57 55 54 59 62 64 62 59 59 60 61 63 66 68 67 66 66 65 64 61 61 62 66 64 65 67 69 69 68 66 66 65 63 64 66 63 66 65 63 62 62 63 64 64 65 66 63 59 57 56 55 54 52 51 52 54 55 55 53
53 59 59 56 53 50 51 54 60 55 51 50 51 52 54 56 55 53 54 58 61 63 64 65 62 64 63 60 58 58 57 55 57 56 57 58 59 57 56 55 58 60 62 59 58 59 62 63 64 66 67 67 67 65 63 60 59 63 65 67 66 67 69 69 70 69 69 66 65 64 66 68 66 67 65 63 62 63 63 63 63 64 65 61 58 57 56 55 54 52 50 51 52 52 52 51
51 57 57 58 58 53 53 56 60 58 52 50 51 51 51 56 58 57 58 62 62 63 64 65 61 64 65 62 61 61 58 56 56 57 56 58 59 57 56 54 57 59 62 59 56 60 62 64 63 64 65 65 65 63 61 59 60 63 65 67 68 70 71 70 69 69 67 65 65 64 66 67 65 65 64 63 62 64 65 64 64 64 64 61 58 57 55 55 53 52 50 50 50 49 49 51
55 56 59 62 61 54 54 55 57 57 53 52 53 51 51 52 55 60 63 64 62 62 62 63 60 63 66 64 64 63 59 56 55 56 56 58 59 57 56 54 57 60 62 59 56 60 60 61 61 62 64 63 62 61 60 58 60 61 63 66 68 72 71 70 70 69 67 66 65 65 65 65 64 63 63 63 63 64 66 66 65 65 65 62 60 58 57 56 52 52 51 50 51 50 49 49
56 57 61 62 62 57 57 58 56 59 58 56 56 52 52 52 53 57 62 62 58 62 61 60 61 64 66 66 65 64 61 57 57 56 56 58 58 57 56 54 58 60 60 58 56 57 57 57 59 61 61 61 61 61 59 59 60 61 62 64 66 71 71 71 71 67 65 65 65 66 64 64 64 64 63 63 64 65 67 66 66 66 65 62 59 58 57 56 55 54 53 53 54 54 51 48
53 58 62 62 64 63 61 61 59 62 62 61 55 52 54 54 52 53 59 56 54 59 60 57 63 64 63 65 66 66 62 61 59 57 56 58 58 58 56 54 56 59 60 56 55 57 57 56 58 59 59 60 61 60 58 60 61 62 61 62 65 70 71 72 68 63 62 64 63 64 65 64 64 64 62 62 63 65 67 66 63 64 62 60 59 59 56 55 55 57 56 54 54 52 50 50
55 57 62 64 66 66 64 63 61 64 61 59 56 54 56 54 52 53 55 56 56 55 56 56 60 60 60 63 64 66 65 66 61 57 56 58 59 57 56 56 55 58 58 54 56 59 60 58 57 57 58 60 60 59 59 61 61 62 64 65 67 70 71 70 66 62 61 62 62 62 63 64 64 63 62 60 61 62 66 63 60 61 59 60 58 57 57 56 54 54 55 56 54 53 51 53
59 59 61 66 66 67 66 65 64 65 63 62 58 59 55 52 53 54 58 61 58 58 62 59 57 58 61 64 66 66 64 67 65 60 57 55 58 57 56 57 56 60 58 54 59 62 63 60 60 59 58 57 59 58 59 60 60 62 64 64 68 69 70 69 64 63 60 61 62 62 61 62 63 61 60 59 60 63 65 61 59 60 58 58 58 58 57 55 55 54 52 53 53 54 54 52
61 62 63 65 65 67 67 65 63 63 64 65 63 61 56 53 56 59 61 65 62 61 64 64 60 57 61 65 66 66 64 68 68 65 60 58 56 56 56 56 54 59 59 54 57 60 64 63 62 62 59 58 58 59 59 59 60 62 61 65 66 67 70 68 65 62 59 60 62 63 60 60 62 61 60 59 60 62 61 61 58 57 58 56 58 58 58 56 54 54 53 53 52 52 50 49
62 63 63 63 63 66 66 64 63 61 62 63 64 63 58 53 53 57 61 65 65 65 65 66 64 60 59 64 61 63 66 68 69 68 65 61 58 55 56 56 54 55 59 54 53 57 61 65 64 63 59 59 61 61 60 60 60 61 62 67 72 70 67 64 63 61 60 61 63 64 62 59 64 61 60 58 59 61 61 61 60 57 56 56 57 56 57 56 55 56 53 54 55 54 51 50
61 59 59 61 62 66 67 66 64 61 58 58 61 64 58 55 54 54 55 63 64 65 68 68 67 62 59 60 60 63 66 66 67 68 67 63 60 59 56 55 56 55 55 58 53 57 61 64 65 64 61 59 60 59 60 61 61 62 64 67 72 72 68 64 63 60 60 61 61 62 61 59 62 61 60 59 58 60 60 61 60 58 57 54 55 55 57 56 57 56 55 55 56 55 51 51
55 60 65 65 65 66 69 68 65 64 63 56 57 61 60 56 58 56 57 55 59 62 66 69 68 65 63 59 61 62 63 65 67 69 69 66 64 61 59 59 58 55 55 56 52 55 58 62 62 64 63 62 62 60 60 60 60 62 64 66 71 71 67 63 62 60 58 60 60 61 61 58 60 61 59 58 57 58 60 59 59 59 57 56 55 53 55 55 56 56 55 57 57 54 52 52
63 60 63 66 67 68 70 68 68 64 61 62 58 55 56 62 62 58 61 57 60 62 65 66 69 69 66 62 63 64 64 67 67 70 69 69 67 63 63 62 60 60 59 55 52 53 56 58 61 64 64 63 62 60 61 62 61 61 63 64 66 68 66 63 61 60 58 58 59 60 61 59 61 61 60 59 57 56 59 58 59 59 59 59 57 54 54 53 54 54 53 56 57 55 52 52
68 65 62 66 69 69 68 68 66 65 66 63 63 60 61 66 66 63 64 63 61 62 67 67 69 70 67 64 66 66 65 67 68 70 68 68 68 66 66 64 60 58 59 59 54 52 54 57 60 64 65 64 63 61 62 63 62 61 62 63 64 66 64 62 61 60 58 56 58 59 60 59 61 61 59 59 57 56 58 58 60 60 60 60 59 56 54 53 54 52 53 55 57 56 53 54
66 68 67 68 69 66 66 68 68 68 66 66 65 63 64 65 66 66 67 64 62 63 67 69 70 70 68 68 67 67 66 67 66 69 66 65 66 64 64 64 62 58 57 60 59 52 53 57 61 64 65 65 63 63 63 63 62 63 62 64 66 67 65 64 62 61 58 56 56 59 60 58 60 61 59 57 55 56 58 59 59 59 59 58 58 56 54 52 53 51 52 55 56 56 54 55
69 68 69 69 67 63 64 67 68 68 68 68 66 66 66 63 63 65 67 67 65 64 67 69 70 71 70 69 70 69 68 66 64 66 65 62 63 61 61 62 63 60 56 56 59 52 55 56 62 62 64 65 63 63 64 63 63 63 64 65 68 68 67 65 63 62 60 58 56 59 61 58 59 60 59 58 55 56 59 58 57 57 57 58 58 55 53 51 53 51 52 55 55 54 53 54
69 70 70 69 69 63 61 64 66 65 67 66 66 63 64 62 62 64 67 69 67 66 68 68 67 69 70 72 71 71 69 68 66 66 65 64 63 62 62 58 62 62 58 54 56 53 58 57 59 58 64 64 63 64 65 64 64 64 65 68 68 67 67 66 64 61 59 56 55 57 60 59 56 59 57 56 55 58 57 56 57 57 57 58 58 55 53 51 51 52 52 56 55 53 52 53
70 70 71 70 70 68 64 63 63 62 63 63 61 59 59 60 64 64 66 69 69 68 68 68 65 68 68 72 72 70 71 69 68 69 68 66 63 65 65 60 61 64 62 55 52 55 58 54 57 61 65 64 62 64 64 64 63 65 66 68 67 65 65 65 63 61 58 55 57 60 60 57 56 58 56 54 56 59 55 56 57 58 58 58 57 56 56 53 50 52 52 56 56 54 54 52
70 70 71 71 70 70 68 64 61 59 61 60 57 57 57 59 62 66 67 68 67 67 68 68 64 65 67 70 69 69 72 71 70 70 70 66 63 66 64 62 61 65 63 56 51 52 54 52 56 61 65 64 61 63 62 61 60 62 63 67 65 65 65 64 61 59 58 54 56 61 61 57 56 58 55 54 58 57 53 53 54 58 59 58 56 55 54 52 50 50 53 56 56 55 53 52
71 71 71 70 69 71 70 67 63 62 62 58 59 58 58 57 60 61 65 66 65 65 68 67 64 63 65 67 65 68 70 71 71 72 70 69 67 65 60 60 57 61 63 61 56 51 52 59 61 64 65 63 61 61 61 63 63 63 66 67 64 60 63 61 59 58 54 55 55 60 59 56 58 58 53 52 54 53 51 53 56 58 57 55 52 52 52 51 48 48 51 53 55 54 52 53
71 71 70 68 69 68 70 69 67 63 61 61 64 65 59 57 58 62 62 61 63 66 68 68 63 61 63 63 64 66 68 70 71 72 71 71 71 68 63 62 59 59 57 54 57 50 52 59 59 63 65 62 58 62 59 61 61 63 67 66 63 59 58 57 57 55 55 54 53 57 56 55 58 59 56 55 52 52 53 55 56 59 55 52 54 52 51 52 52 49 49 53 53 51 49 52
71 71 69 65 69 65 68 70 69 64 65 67 67 68 65 63 58 60 63 64 67 68 66 65 63 64 65 65 65 65 67 69 72 72 72 72 71 69 65 61 63 64 63 60 53 53 51 56 56 60 64 63 59 57 62 62 64 65 67 66 63 63 61 62 58 60 59 57 53 53 58 55 57 57 55 52 53 54 54 57 58 56 55 53 53 51 50 52 51 50 49 50 50 49 49 51
71 72 69 67 63 64 65 70 70 66 69 71 71 70 65 64 61 59 63 67 68 67 64 63 63 68 68 69 68 68 67 68 69 71 72 72 72 68 65 65 64 66 64 59 57 54 50 53 55 59 63 64 61 58 62 65 64 65 65 65 65 65 63 63 61 63 60 56 53 52 58 54 57 55 53 50 54 55 57 57 59 57 54 52 51 51 49 51 49 48 50 50 49 49 49 51
72 72 72 69 65 62 60 64 70 69 66 67 69 70 69 66 64 58 61 62 68 70 67 64 64 68 66 68 69 70 70 69 69 71 73 72 68 69 68 66 67 66 64 63 58 55 51 52 55 61 65 64 61 58 62 63 63 64 63 62 63 64 65 65 64 63 59 57 53 51 56 54 59 56 52 49 54 55 56 56 56 56 55 52 51 50 49 51 49 48 51 49 48 51 51 52
72 72 72 72 70 70 63 60 63 65 64 64 63 66 68 65 65 61 59 62 68 71 68 65 63 65 66 68 71 71 71 71 71 73 74 71 69 67 66 66 67 67 66 64 58 56 51 52 55 59 64 64 60 58 63 61 62 63 62 60 61 64 65 64 61 61 58 55 52 52 54 53 59 56 53 49 52 52 56 54 53 52 53 53 51 50 48 51 50 48 48 48 50 51 51 52
72 72 72 72 72 71 67 61 60 59 58 59 60 61 65 61 62 60 60 63 69 71 70 66 63 64 68 69 70 71 69 70 72 74 74 71 69 67 65 64 65 66 65 64 62 60 52 51 55 57 60 64 61 57 60 60 62 62 61 57 60 64 65 63 59 58 55 53 51 52 53 56 57 54 52 47 50 53 54 52 52 51 51 54 51 50 47 50 51 48 47 47 48 49 51 52
73 72 72 71 70 65 62 65 63 65 63 63 61 59 60 60 60 59 59 62 67 70 68 67 64 65 66 67 70 70 68 70 72 73 73 72 70 69 66 65 63 62 65 64 59 58 52 50 54 56 56 63 63 59 56 60 60 62 58 55 61 64 64 63 59 56 55 52 52 56 57 59 55 54 52 47 48 51 53 51 51 50 51 52 50 48 47 49 49 47 47 47 48 48 49 51
73 73 73 73 69 66 64 70 69 70 70 69 67 62 60 62 62 61 61 60 63 69 69 65 64 66 67 68 70 69 69 69 70 72 72 72 72 69 67 67 64 61 61 63 58 52 52 53 57 54 57 62 63 60 55 60 59 58 58 55 59 62 61 62 59 56 54 49 53 57 59 61 56 56 53 47 47 49 52 51 49 49 50 52 50 50 48 47 47 46 48 49 50 48 49 50
73 73 73 73 72 70 71 73 73 73 73 69 68 64 62 67 64 64 64 60 62 66 69 65 65 69 70 69 69 68 68 68 70 71 71 72 73 71 70 69 67 64 58 61 56 54 58 59 57 53 56 62 63 58 56 56 55 54 58 53 53 56 56 59 59 55 52 49 53 55 58 60 57 57 50 47 46 47 48 50 49 48 51 53 51 52 50 47 46 47 48 50 51 50 50 50
72 73 73 74 73 72 72 74 74 74 73 70 67 65 65 71 69 66 65 63 61 63 68 66 65 67 69 68 67 67 68 70 70 70 70 71 73 72 72 71 70 66 61 60 52 59 60 60 53 52 60 62 63 59 58 56 53 54 54 56 54 52 52 55 59 56 52 48 51 53 54 58 57 52 47 48 45 47 49 50 48 48 50 52 51 50 49 46 46 48 49 50 50 50 52 49
71 73 74 74 74 73 74 75 75 75 74 73 71 68 69 73 73 68 64 65 63 61 67 68 65 65 66 66 65 67 68 70 69 68 70 71 72 73 72 71 70 69 66 61 54 54 50 54 49 54 58 60 62 57 58 58 56 57 56 59 56 52 49 50 54 56 56 47 49 51 53 56 55 53 49 48 45 45 48 49 46 47 48 51 49 48 48 46 48 51 51 51 50 50 52 49
73 74 74 75 75 75 75 75 76 76 75 75 74 73 73 74 72 67 65 65 63 61 64 70 67 64 67 68 67 67 68 68 68 68 69 69 72 73 72 71 71 69 68 64 64 62 57 53 48 56 54 60 61 59 58 60 59 59 60 61 57 55 52 48 50 54 53 49 52 53 53 56 53 54 51 47 45 45 46 48 47 45 47 50 49 48 46 46 49 48 49 52 48 50 50 50
75 75 75 75 75 75 75 75 76 77 76 76 75 75 75 74 73 69 65 63 61 62 65 69 68 64 68 72 70 70 71 68 70 69 69 71 72 73 72 72 70 69 69 66 67 66 62 59 50 49 59 58 56 57 59 59 60 63 64 63 63 57 58 54 50 51 53 49 52 54 50 54 52 51 51 47 45 44 45 48 47 45 47 47 48 50 47 45 46 46 46 47 48 49 50 48
75 75 75 75 75 75 76 76 76 77 77 76 76 76 75 75 75 72 69 67 62 62 65 67 68 65 68 70 72 72 71 70 71 72 70 70 72 73 72 71 69 69 68 69 68 66 62 57 51 52 57 53 55 55 58 56 57 62 64 65 63 61 57 53 48 52 49 49 51 51 49 51 52 50 49 46 45 44 42 45 47 45 46 45 47 48 47 45 45 47 48 48 48 47 48 46
