data/grids/PRECDM.asc
NCOLS 822 
NROWS 563 
XLLCORNER -58000 
YLLCORNER 5661000 
CELLSIZE 1000 
NODATA_value -9999 
[rows 270 to 314 of 563, columns 576 to 671 of 822]
47 47 49 48 48 47 48 49 48 47 46 45 45 46 46 48 47 46 45 45 46 45 45 47 48 45 45 46 45 45 45 45 45 45 45 45 46 46 47 45 45 46 46 46 47 47 49 53 54 56 57 58 63 61 56 56 58 53 55 53 54 59 59 56 62 67 69 72 72 71 69 70 69 67 60 55 55 58 62 60 59 56 52 -9999 -9999 -9999 -9999 -9999 -9999 -9999 -9999 -9999 -9999 -9999 -9999 -9999
48 48 50 50 49 48 49 49 48 47 46 46 46 46 47 48 47 47 45 45 44 45 45 47 48 47 48 47 45 45 45 45 45 45 45 46 47 49 49 47 46 49 50 49 49 49 49 56 57 59 59 60 62 58 56 62 62 60 57 56 54 60 63 56 62 67 71 70 68 66 70 70 64 61 57 57 62 64 60 61 62 56 53 52 54 54 -9999 -9999 -9999 -9999 -9999 -9999 -9999 -9999 -9999 -9999
48 48 50 51 50 48 49 49 47 47 47 47 47 47 48 47 46 45 45 45 44 45 46 47 48 49 51 48 45 45 45 45 45 46 45 45 47 48 47 48 50 52 53 51 50 52 49 54 56 56 60 63 62 59 57 65 67 64 58 58 54 57 63 62 59 64 67 64 64 68 70 71 64 58 57 65 66 64 58 59 60 54 53 53 55 54 54 -9999 -9999 -9999 -9999 -9999 -9999 -9999 -9999 -9999
48 48 49 51 50 49 50 49 48 48 48 48 48 48 48 47 46 47 47 46 45 45 46 47 48 49 51 48 46 45 45 45 47 49 49 45 45 45 47 50 51 53 54 51 52 52 50 51 53 54 60 64 63 62 60 69 69 63 61 61 60 57 63 65 59 60 61 65 67 69 73 71 63 57 61 67 65 61 56 56 55 53 55 55 54 57 56 57 56 -9999 -9999 -9999 -9999 -9999 -9999 -9999
48 49 49 51 51 51 51 49 48 49 48 47 48 48 48 47 47 48 48 47 46 45 46 48 50 51 51 48 46 45 45 46 47 50 51 46 45 45 47 49 52 52 53 53 53 54 53 53 56 57 59 64 64 66 62 67 66 59 61 63 62 60 61 67 66 62 64 69 69 71 72 65 59 60 67 68 63 59 58 56 53 55 59 57 56 59 58 58 57 56 -9999 -9999 -9999 -9999 -9999 -9999
49 49 49 51 53 52 51 50 49 49 48 48 47 48 47 47 47 48 49 47 46 46 47 50 55 54 49 47 46 45 46 46 49 52 52 47 45 46 46 47 49 49 51 52 52 54 54 57 59 60 62 62 65 65 67 68 61 56 59 62 65 63 62 64 68 65 69 72 72 73 72 63 63 68 72 66 62 61 65 55 56 58 62 59 58 62 64 60 61 59 56 -9999 -9999 -9999 -9999 -9999
49 49 49 50 51 51 51 51 50 49 49 49 49 48 48 47 48 49 49 46 46 46 48 51 57 54 49 48 47 46 46 47 52 54 53 48 45 45 45 47 47 48 49 51 51 52 52 55 57 62 62 59 63 63 69 63 57 55 57 61 67 66 65 65 70 68 72 74 74 74 68 63 68 70 71 67 65 60 61 55 59 62 64 61 62 67 69 66 62 57 56 -9999 -9999 -9999 -9999 -9999
49 49 49 49 49 51 52 51 50 50 50 49 49 49 49 48 48 49 49 46 46 47 47 50 53 53 49 48 47 46 47 47 52 56 54 49 46 45 45 47 48 49 48 50 50 51 52 55 57 62 63 58 59 62 65 59 54 55 58 62 62 64 66 68 72 72 73 73 73 71 64 65 69 69 67 65 60 56 55 56 60 64 67 65 69 72 74 72 64 60 58 -9999 -9999 -9999 -9999 -9999
50 50 50 50 50 50 51 52 51 50 49 49 49 49 48 48 48 50 49 47 47 47 48 49 51 53 49 47 47 47 47 48 52 56 53 49 46 46 46 47 50 51 49 50 51 51 52 56 58 62 63 58 54 60 60 54 53 56 59 60 59 65 69 73 73 71 70 72 70 68 66 68 70 69 66 59 57 56 57 62 62 64 72 73 73 74 74 71 64 61 58 -9999 -9999 -9999 -9999 -9999
51 50 50 51 50 50 50 52 52 51 50 51 50 49 50 50 49 50 49 47 47 48 50 51 53 53 51 48 48 50 49 49 51 52 48 47 46 46 47 48 49 52 50 52 52 52 54 56 61 60 62 61 55 56 54 52 53 55 56 56 62 67 69 73 70 68 70 70 67 65 67 70 69 68 65 62 58 57 61 69 68 69 72 75 74 74 71 69 66 62 57 -9999 -9999 -9999 -9999 -9999
51 51 52 51 50 52 52 52 51 50 50 49 49 49 50 52 51 49 49 48 48 49 50 51 52 51 52 50 49 52 51 48 49 48 46 46 46 47 47 49 49 53 51 54 53 54 57 59 61 57 61 62 57 52 50 52 52 53 56 61 68 67 67 72 66 65 66 64 63 63 67 69 66 65 64 66 60 58 64 73 71 72 74 75 75 75 73 67 62 60 -9999 -9999 -9999 -9999 -9999 -9999
52 52 54 52 51 53 54 52 50 50 50 50 50 49 49 52 53 53 49 48 47 48 48 51 51 49 51 52 53 52 50 49 48 49 48 47 46 48 50 51 49 53 54 56 55 54 57 62 60 54 58 56 53 50 49 51 52 59 60 65 68 66 66 69 62 60 60 60 61 64 68 69 67 68 67 62 56 62 66 73 74 74 74 75 76 76 73 66 61 58 -9999 -9999 -9999 -9999 -9999 -9999
53 57 56 53 53 54 53 51 51 51 51 51 50 51 52 54 56 52 49 48 49 48 50 52 50 49 51 54 53 52 50 50 50 50 49 47 46 48 49 48 49 54 51 55 57 55 60 62 57 53 54 52 49 49 50 50 56 64 66 67 64 63 65 65 59 57 57 59 62 64 69 70 70 69 67 58 59 64 68 72 74 76 75 76 77 77 73 66 60 -9999 -9999 -9999 -9999 -9999 -9999 -9999
51 53 54 53 52 52 53 53 52 53 53 52 51 53 56 57 55 52 50 48 49 48 48 50 49 48 49 52 55 52 52 51 51 50 49 47 46 46 47 47 50 51 49 51 53 57 60 61 59 56 50 48 48 51 52 51 56 62 68 65 59 60 64 61 57 58 58 61 63 65 70 71 71 69 62 58 61 64 67 73 75 77 77 77 77 75 68 62 -9999 -9999 -9999 -9999 -9999 -9999 -9999 -9999
51 51 52 51 51 51 53 53 53 54 55 52 53 54 58 58 55 51 49 49 48 48 48 48 48 49 50 52 54 53 53 52 52 51 51 49 46 46 46 46 47 47 47 50 55 60 61 57 56 54 48 47 49 52 55 50 55 62 61 57 60 63 62 59 55 56 57 61 61 64 68 69 70 65 58 60 64 65 69 75 76 76 76 73 74 72 65 60 -9999 -9999 -9999 -9999 -9999 -9999 -9999 -9999
51 51 51 51 51 51 51 51 52 53 54 54 56 59 58 56 54 51 49 49 49 49 49 50 49 48 49 51 53 52 49 50 48 49 49 49 47 46 47 46 47 48 48 52 55 58 55 56 52 50 48 51 51 54 56 51 51 54 54 54 55 62 64 59 54 56 57 60 61 62 66 69 65 59 60 60 65 69 74 77 78 76 73 68 67 67 62 59 -9999 -9999 -9999 -9999 -9999 -9999 -9999 -9999
51 51 51 51 51 51 51 53 56 56 57 56 58 58 57 55 51 50 50 50 50 49 49 50 50 48 51 52 55 53 51 51 48 48 48 47 47 47 48 47 46 48 49 50 56 59 53 53 49 47 48 51 53 56 54 53 57 54 57 55 52 53 57 54 55 57 59 61 62 66 67 66 64 60 62 66 67 71 75 78 77 77 74 69 63 61 59 -9999 -9999 -9999 -9999 -9999 -9999 -9999 -9999 -9999
52 51 51 51 52 52 52 55 58 63 62 59 57 54 54 53 51 51 52 51 50 49 50 51 51 49 49 52 56 54 53 53 52 51 49 47 48 49 49 49 46 48 50 53 58 58 53 49 47 47 48 50 51 53 55 56 62 58 62 55 53 54 55 54 57 59 62 62 64 69 68 64 60 65 65 70 72 74 77 78 77 77 72 67 62 59 58 -9999 -9999 -9999 -9999 -9999 -9999 -9999 -9999 -9999
52 52 52 53 57 58 56 59 64 68 66 60 57 54 53 52 51 53 54 51 50 50 51 51 53 51 49 50 53 55 55 54 54 52 49 49 49 50 49 50 47 48 51 52 59 57 54 49 47 48 50 50 50 54 56 57 64 64 61 55 54 55 56 55 58 62 63 65 69 70 67 67 62 63 67 70 75 76 76 74 73 74 69 63 58 -9999 -9999 -9999 -9999 -9999 -9999 -9999 -9999 -9999 -9999 -9999
52 52 52 54 60 63 66 69 71 72 70 63 60 59 55 54 53 57 55 52 50 51 52 51 53 53 50 50 50 54 57 53 52 53 52 49 47 48 49 50 47 48 54 54 57 53 48 47 48 48 51 53 51 53 59 58 64 66 59 55 56 56 57 56 59 63 66 66 68 68 68 70 64 64 68 72 73 74 75 72 69 65 63 58 -9999 -9999 -9999 -9999 -9999 -9999 -9999 -9999 -9999 -9999 -9999 -9999
52 52 52 53 57 61 69 72 68 69 72 68 64 63 59 60 56 58 55 52 50 52 53 53 55 53 50 52 51 54 57 55 53 51 51 48 48 48 47 48 47 48 52 55 53 50 47 47 48 50 53 52 54 55 61 62 68 68 59 55 55 57 57 57 59 62 65 66 67 68 66 64 62 65 70 74 73 74 73 69 68 62 58 58 -9999 -9999 -9999 -9999 -9999 -9999 -9999 -9999 -9999 -9999 -9999 -9999
53 52 53 53 53 56 61 67 64 64 70 70 69 65 62 64 62 60 55 54 50 53 55 54 54 52 50 53 54 56 55 55 54 51 48 47 48 49 47 47 47 46 49 51 48 47 47 48 49 51 55 52 57 58 63 65 69 67 58 55 56 57 57 59 59 59 61 63 68 66 65 63 64 68 72 74 72 72 71 65 65 61 58 -9999 -9999 -9999 -9999 -9999 -9999 -9999 -9999 -9999 -9999 -9999 -9999 -9999
53 53 52 52 52 52 54 61 61 61 64 66 66 62 58 58 61 61 59 54 51 53 57 55 53 52 52 53 55 57 53 51 52 54 52 48 48 51 49 47 46 47 47 48 47 47 48 50 52 56 56 55 58 61 64 68 68 63 56 56 58 57 55 58 59 57 59 64 68 66 65 65 66 70 72 74 71 69 67 64 62 59 -9999 -9999 -9999 -9999 -9999 -9999 -9999 -9999 -9999 -9999 -9999 -9999 -9999 -9999
52 53 52 52 54 55 58 61 59 59 60 59 63 59 56 55 57 58 61 58 53 54 57 56 54 55 53 55 56 57 55 53 51 51 48 48 50 52 50 49 48 48 48 47 47 47 48 50 54 58 57 59 61 63 66 67 64 58 55 55 55 55 54 55 57 56 58 64 68 67 66 66 70 71 71 74 71 67 65 63 61 59 -9999 -9999 -9999 -9999 -9999 -9999 -9999 -9999 -9999 -9999 -9999 -9999 -9999 -9999
53 53 52 53 55 62 62 58 58 56 58 56 57 55 54 53 53 56 61 57 53 54 56 58 58 56 55 55 56 53 54 54 51 49 48 49 53 56 52 52 49 47 48 48 47 47 48 50 55 59 61 61 60 61 63 65 61 55 54 54 53 53 53 54 55 57 60 66 70 70 68 67 73 71 70 73 71 66 64 62 59 -9999 -9999 -9999 -9999 -9999 -9999 -9999 -9999 -9999 -9999 -9999 -9999 -9999 -9999 -9999
53 53 52 55 57 63 63 60 62 58 57 55 55 56 59 58 53 54 58 59 56 56 60 60 59 57 53 52 52 49 50 52 50 49 49 49 53 58 54 51 47 46 48 48 47 48 50 53 56 60 62 60 59 59 63 64 58 54 53 52 52 52 54 54 55 59 63 69 73 73 71 70 74 70 68 70 69 63 62 60 58 -9999 -9999 -9999 -9999 -9999 -9999 -9999 -9999 -9999 -9999 -9999 -9999 -9999 -9999 -9999
54 53 52 53 55 58 63 61 65 66 62 59 60 62 64 60 54 53 57 56 57 57 63 64 61 56 57 53 51 51 50 48 49 51 51 51 54 54 51 48 48 46 47 48 47 47 50 54 55 59 60 61 60 59 63 62 55 53 52 52 52 53 55 56 56 60 66 70 73 72 71 71 74 70 66 65 64 62 60 59 59 -9999 -9999 -9999 -9999 -9999 -9999 -9999 -9999 -9999 -9999 -9999 -9999 -9999 -9999 -9999
54 53 53 52 54 54 59 63 64 69 68 65 65 66 66 61 57 52 52 53 56 58 63 67 64 59 56 52 51 52 50 50 51 53 50 50 50 52 53 51 48 46 47 47 47 47 48 50 54 55 57 59 59 57 60 57 53 52 52 52 52 54 57 59 58 61 64 71 73 72 72 72 71 70 66 63 62 60 60 60 62 -9999 64 68 70 70 69 -9999 71 70 -9999 -9999 -9999 -9999 -9999 -9999
55 53 53 53 55 57 61 66 66 69 71 70 70 68 66 61 59 54 52 52 53 55 58 65 67 59 55 52 53 52 50 51 54 54 50 49 48 49 50 47 47 47 47 47 47 47 50 51 54 54 55 61 60 57 55 54 51 51 51 53 55 55 58 61 60 64 70 74 74 72 70 71 68 69 62 62 62 60 59 64 64 64 67 70 74 74 71 70 69 67 65 64 -9999 -9999 -9999 -9999
56 54 53 55 57 63 68 70 70 71 72 72 72 69 63 57 55 54 52 52 51 53 56 64 68 59 55 53 54 53 52 52 56 58 51 49 48 48 48 47 46 47 47 47 47 48 49 50 51 53 55 59 57 55 54 51 50 51 52 52 54 56 58 61 67 73 72 73 74 70 66 65 64 61 61 60 60 62 60 66 65 66 70 71 76 75 71 69 68 65 64 63 64 -9999 -9999 -9999
58 55 54 56 57 61 64 66 67 69 71 73 72 67 62 57 55 54 52 52 51 52 54 60 66 59 57 55 55 56 54 53 55 57 53 51 49 47 47 47 46 47 48 48 47 47 48 48 49 52 54 56 54 53 51 51 51 52 52 53 55 56 59 63 68 72 71 71 71 69 65 66 64 63 61 62 62 59 62 67 66 68 71 73 76 74 71 69 66 66 64 63 63 65 68 -9999
60 56 54 56 59 59 60 62 65 68 71 73 73 69 65 61 61 56 53 52 51 51 52 57 62 59 56 55 57 59 55 54 56 54 52 52 49 47 47 46 47 47 49 49 47 47 48 48 50 51 53 54 54 52 52 53 53 54 53 54 56 57 59 62 67 68 67 66 66 65 66 67 62 62 61 63 61 59 64 68 67 70 72 73 75 73 73 72 68 65 63 62 62 64 66 69
66 58 55 58 63 65 62 64 64 69 71 71 72 69 67 65 64 58 59 56 53 51 51 54 56 54 53 55 58 60 56 55 56 54 52 51 48 47 46 47 47 48 50 49 47 48 49 50 49 51 54 57 53 51 54 56 57 56 54 53 56 58 61 64 67 65 65 65 66 66 67 65 64 63 63 63 60 61 67 69 68 70 71 75 76 75 74 71 65 63 62 62 60 63 64 68
66 59 58 60 66 69 65 65 68 69 70 71 71 71 68 67 66 62 64 64 55 51 50 51 53 51 53 57 60 59 57 56 58 55 54 51 49 47 46 46 48 50 52 49 47 48 51 53 51 51 53 55 50 49 51 54 56 53 52 52 56 59 61 64 64 64 65 66 67 66 64 65 64 64 63 61 61 62 65 69 69 70 74 75 78 78 73 67 63 60 60 60 60 63 64 66
65 59 60 66 68 70 69 67 67 67 68 70 71 70 69 67 64 63 65 64 56 52 50 50 50 53 54 57 62 63 60 59 60 56 52 50 48 47 46 46 48 50 51 49 47 48 52 55 53 54 53 50 49 49 49 50 51 51 51 52 54 55 56 58 61 65 66 67 68 66 66 65 65 64 59 60 63 64 66 69 71 72 75 76 78 75 69 65 66 63 60 58 59 64 65 64
64 62 62 67 71 69 67 66 66 67 67 67 69 69 70 68 64 65 66 64 57 53 50 50 51 57 56 55 58 63 63 61 58 54 50 49 47 47 46 47 49 48 50 48 47 48 51 56 57 56 52 48 50 52 50 49 50 50 50 52 53 54 57 59 60 62 63 65 67 68 67 66 64 62 59 63 65 67 67 69 72 74 74 73 75 73 69 69 67 64 61 58 58 61 64 63
66 67 66 68 69 68 68 66 67 69 67 65 63 62 67 67 67 67 67 62 57 56 51 50 53 58 60 58 58 61 59 54 52 51 50 48 48 47 46 47 48 48 47 48 47 48 50 59 63 57 51 48 49 51 52 51 50 51 51 51 52 54 56 56 56 56 58 60 62 65 66 65 63 59 60 65 66 69 68 68 71 72 72 72 73 73 72 69 67 64 61 59 59 59 61 63
67 70 68 68 69 69 70 70 69 67 63 62 61 61 65 65 63 62 64 63 60 54 51 50 54 56 60 64 65 61 60 56 53 51 49 49 51 48 46 46 48 48 48 47 47 47 51 55 58 60 53 49 48 50 52 52 50 51 51 51 52 53 55 53 54 55 57 58 59 62 65 63 61 61 64 67 68 70 67 67 69 70 72 74 74 72 70 66 66 64 63 63 59 57 59 60
70 71 69 67 67 67 69 70 69 65 60 56 56 57 57 57 54 57 60 59 56 52 50 51 53 55 59 61 62 59 58 55 55 51 49 49 48 47 46 46 47 47 47 47 46 46 51 51 52 58 55 49 48 51 53 54 53 51 52 53 53 55 60 55 54 55 57 58 59 62 63 61 61 63 66 68 71 68 66 66 68 72 74 76 73 69 68 69 68 67 64 62 61 57 57 57
71 70 69 67 68 68 69 69 68 62 58 55 54 54 54 53 52 52 53 54 52 51 50 50 52 54 57 60 60 57 53 52 51 50 49 49 48 46 46 46 46 47 47 47 46 46 47 49 54 59 56 50 48 50 55 59 58 54 52 54 54 57 64 60 55 56 57 58 61 64 61 60 62 65 68 70 70 67 66 65 68 71 74 74 71 70 73 71 68 65 63 63 66 62 59 56
71 70 69 69 69 68 69 70 69 65 62 58 58 58 57 57 56 53 52 51 51 51 51 50 51 53 57 60 60 56 53 53 52 51 50 49 47 46 46 46 47 47 47 47 46 46 46 48 52 51 48 48 48 51 54 57 57 55 55 57 56 60 65 58 57 58 58 60 63 63 61 61 65 67 69 71 70 68 65 68 72 73 74 72 71 72 72 70 69 68 68 68 67 63 59 59
70 70 69 68 68 67 69 70 68 67 66 64 65 66 64 62 59 56 53 53 52 52 50 50 50 53 56 60 60 57 55 55 53 51 49 47 46 46 46 46 47 47 47 47 46 46 46 47 48 48 46 46 48 50 50 52 56 56 58 57 57 59 61 58 57 57 59 60 64 61 62 64 68 70 70 69 69 68 64 66 73 72 71 73 73 72 70 71 72 72 71 68 65 62 61 61
69 68 68 66 67 64 65 67 67 67 67 66 67 67 67 63 59 58 57 56 55 53 51 50 50 52 56 57 59 58 55 53 52 50 48 47 46 46 46 46 47 47 46 46 46 46 46 46 47 46 46 47 46 48 48 51 55 57 61 60 60 59 57 57 56 57 58 61 64 62 64 67 68 70 72 70 67 65 63 62 67 68 69 71 70 72 74 76 74 71 72 70 68 67 66 60
68 67 65 64 65 61 61 61 62 64 64 65 65 65 63 63 61 61 59 57 57 55 53 50 49 51 54 57 60 56 53 52 51 49 47 46 46 46 46 47 46 46 46 46 46 46 46 46 46 46 46 46 46 47 48 50 53 56 61 61 60 58 57 56 55 57 59 63 65 62 64 68 68 70 72 71 70 66 62 60 63 67 69 68 66 71 76 74 72 69 69 69 67 68 67 64
66 67 67 67 66 64 62 60 60 60 59 63 62 58 58 62 62 61 59 58 58 57 53 51 49 50 52 55 58 55 50 50 49 48 47 46 46 46 47 47 46 46 46 46 46 46 45 45 45 45 46 46 46 47 48 51 53 59 62 59 57 57 56 56 55 58 60 62 64 64 64 67 69 72 72 70 69 66 63 59 61 63 67 67 63 69 73 72 69 68 66 64 64 66 66 66
