data/grids/SOILSAND.asc
NCOLS 822 
NROWS 563 
XLLCORNER -58000 
YLLCORNER 5661000 
CELLSIZE 1000 
NODATA_value -9999 
[rows 270 to 314 of 563, columns 480 to 575 of 822]
52 56 56 53 53 57 55 55 53 54 52 52 51 54 53 54 52 52 52 54 54 53 49 50 52 48 49 49 46 50 52 50 48 46 43 45 44 42 47 46 44 43 43 43 46 48 48 48 44 44 46 45 42 44 45 45 41 41 41 46 46 41 42 50 52 53 56 52 47 49 54 53 49 42 43 44 42 33 37 43 43 43 46 45 41 47 61 61 58 55 53 50 51 53 55 54
49 50 55 52 53 53 53 53 53 51 50 51 52 55 54 54 54 53 54 55 52 50 46 50 48 48 46 50 54 51 50 49 47 49 45 46 44 43 46 46 43 44 44 40 43 48 48 48 46 46 43 47 44 48 46 41 47 44 45 48 46 45 40 43 51 55 52 48 46 48 49 45 38 42 43 44 39 40 47 46 44 44 45 47 42 41 50 64 56 56 57 57 50 52 54 55
46 44 48 47 47 50 53 49 49 48 53 52 50 53 54 55 50 54 54 55 50 49 47 52 48 46 45 51 53 50 49 48 49 47 45 48 47 48 49 46 43 43 46 49 46 52 47 43 42 44 40 35 43 44 46 51 45 48 49 42 46 44 42 40 43 45 44 49 53 45 44 46 45 44 43 46 41 48 46 46 46 44 45 39 44 40 41 65 60 58 54 56 51 54 57 55
47 45 44 45 46 48 51 47 49 50 53 50 48 47 51 52 49 47 47 49 49 48 44 49 47 47 49 49 47 53 50 51 49 46 44 43 44 49 49 46 41 43 46 47 49 52 50 47 45 41 47 43 47 46 47 47 44 48 41 38 43 45 46 45 44 43 40 43 46 46 48 51 48 47 43 45 41 44 49 46 44 45 45 47 46 42 40 51 57 57 55 56 57 50 52 54
47 47 44 45 46 47 46 44 48 48 46 50 45 45 47 46 46 47 47 46 47 48 46 51 47 52 50 42 43 45 48 50 50 45 44 43 43 44 49 49 46 48 51 51 49 53 46 47 49 47 48 51 45 47 44 48 47 50 45 42 45 46 47 49 43 43 46 44 44 48 48 50 50 45 46 44 46 45 47 50 43 42 44 46 45 45 45 40 51 60 60 54 53 52 54 55
45 44 46 49 46 44 46 47 48 47 48 46 48 46 47 44 39 44 43 46 44 48 49 46 51 54 51 48 48 46 47 51 50 47 47 46 45 46 46 46 46 51 51 50 48 50 46 48 47 47 49 50 50 51 45 48 46 46 43 39 47 45 44 45 43 43 45 45 45 49 48 50 47 43 43 45 47 46 45 52 50 42 42 45 45 45 44 43 50 60 61 55 51 50 54 56
47 45 51 50 49 46 45 48 50 50 49 46 46 45 45 44 38 45 45 47 43 43 48 43 46 52 52 50 50 46 45 52 52 48 47 44 46 50 50 50 50 50 50 49 48 45 47 47 47 47 49 49 48 48 50 46 47 48 51 40 45 46 47 46 45 45 44 44 44 48 47 45 44 42 41 45 47 49 47 48 53 47 42 44 45 46 45 43 49 58 60 57 52 51 54 55
51 47 47 50 50 47 44 44 50 48 47 47 47 50 45 43 36 42 48 43 43 48 51 49 45 47 49 50 49 49 45 53 53 48 48 45 47 47 50 48 51 51 49 48 45 45 46 45 48 46 48 50 47 45 50 47 47 51 52 50 40 44 45 43 46 46 44 42 46 48 48 47 45 43 43 47 48 48 48 45 50 50 45 42 45 46 45 42 47 53 59 62 60 52 52 54
50 47 47 49 49 48 46 45 48 47 46 47 48 51 45 44 39 45 47 44 48 50 49 48 48 46 47 48 51 49 48 49 52 52 52 50 50 48 49 50 47 50 49 49 43 46 45 46 46 47 46 50 48 45 50 53 53 54 53 55 51 45 40 43 44 43 45 44 44 50 49 46 46 46 44 46 46 47 46 44 45 50 48 42 42 45 45 43 45 49 54 62 65 55 51 53
53 52 51 51 52 51 49 51 52 46 49 50 51 50 44 44 42 48 49 47 49 49 47 49 51 49 45 48 52 51 48 45 48 52 51 50 46 48 50 49 48 51 49 47 44 44 44 46 48 47 46 52 53 51 50 62 61 56 54 55 55 49 43 42 39 43 48 47 43 49 49 49 49 46 46 45 44 46 44 46 43 46 49 44 41 44 48 47 44 44 51 61 63 58 54 51
61 61 58 57 58 56 54 59 56 51 54 52 54 50 48 43 42 50 47 46 49 49 48 49 49 52 49 48 54 53 51 44 49 51 50 48 46 46 46 50 51 51 52 48 46 42 44 46 47 45 50 55 59 63 60 61 65 63 57 54 52 54 47 44 42 41 46 46 43 47 49 47 46 47 44 41 41 42 45 46 45 42 44 44 43 44 48 49 43 46 53 63 62 61 59 57
60 59 59 58 58 59 58 61 60 60 57 56 58 55 56 47 40 50 48 46 47 49 48 49 49 52 51 48 49 53 52 50 50 51 50 49 46 46 45 51 53 51 53 44 46 42 45 46 46 44 44 47 54 61 66 61 62 66 61 55 53 55 54 42 41 42 39 42 45 42 48 45 43 46 44 46 44 40 45 46 48 44 41 45 44 43 46 45 44 43 49 65 66 63 59 61
60 59 58 61 60 59 59 60 60 63 59 58 58 60 59 57 46 45 46 47 48 49 48 48 50 48 51 49 47 51 51 51 50 51 47 43 47 48 47 48 48 49 48 46 45 46 44 45 43 42 49 50 53 62 67 64 61 62 64 56 47 47 50 44 42 40 45 43 47 43 44 46 46 47 47 45 46 43 45 44 45 45 46 42 44 42 45 46 47 45 48 60 60 60 60 64
61 58 57 57 58 60 58 56 60 62 60 61 56 60 57 57 48 48 50 48 48 47 48 47 48 47 50 49 49 49 51 50 50 48 45 46 49 48 46 47 48 46 46 48 45 46 47 49 42 46 56 55 64 66 64 64 58 61 68 67 62 54 52 48 43 38 49 50 50 44 41 48 49 50 53 45 44 47 46 43 40 45 45 41 43 44 45 46 46 43 56 56 59 60 63 62
58 57 56 60 62 62 60 57 60 61 60 62 56 60 61 57 46 52 52 43 45 47 43 49 49 47 51 51 52 52 54 53 51 50 51 51 49 45 46 48 45 46 45 45 47 48 49 43 42 46 53 53 64 68 69 63 64 67 67 67 69 62 54 47 46 48 36 41 45 46 41 43 44 46 52 48 42 50 47 46 42 44 43 43 40 36 39 42 47 48 56 59 58 57 58 60
56 59 60 60 62 60 62 61 62 62 60 61 60 55 58 53 49 57 48 47 49 44 46 48 45 49 53 51 52 52 48 50 47 50 50 48 47 49 49 47 48 46 43 45 47 46 47 48 48 49 56 55 64 68 63 60 63 65 61 63 65 63 54 46 48 47 48 40 43 46 42 48 45 43 48 50 44 46 45 44 45 43 46 48 45 41 41 44 45 48 59 54 57 56 58 62
61 61 61 60 59 61 62 60 58 61 60 58 58 54 56 55 48 60 55 39 47 44 40 44 47 50 54 51 47 54 51 51 50 53 50 47 48 50 48 48 46 44 43 45 45 46 45 49 51 48 53 67 66 63 58 60 59 61 62 64 62 64 59 49 49 48 49 48 43 44 49 50 46 43 41 47 43 47 46 46 45 48 47 48 47 43 41 47 45 49 57 56 55 54 56 57
58 56 60 59 60 59 58 62 58 58 58 57 58 58 55 56 56 60 57 46 43 47 42 47 48 50 51 51 46 48 52 54 53 50 50 51 49 49 47 47 45 45 47 42 46 47 48 47 48 48 54 66 67 62 61 62 57 56 56 59 62 62 68 52 44 44 48 49 47 50 47 49 46 45 44 48 48 47 49 48 48 51 48 51 48 46 41 44 46 58 57 56 53 55 56 58
60 58 58 57 58 56 58 58 59 59 60 58 57 57 55 58 55 54 58 49 42 43 42 41 45 48 50 54 51 49 51 49 52 52 57 56 49 48 47 47 45 43 47 45 48 46 49 51 50 49 55 62 66 63 64 60 60 58 59 59 59 61 65 56 44 42 44 45 46 50 47 48 47 41 38 46 48 49 46 45 47 49 48 48 46 43 44 43 48 57 56 54 52 56 59 57
60 60 60 57 57 56 56 57 61 57 56 56 55 56 58 59 56 52 53 45 43 44 49 47 46 46 48 51 50 48 48 49 56 58 56 57 57 51 48 43 43 43 47 47 47 47 50 51 52 51 60 65 63 62 61 62 62 57 57 60 61 59 62 58 46 43 46 44 47 44 44 44 45 43 40 47 47 50 43 43 46 50 48 47 46 46 49 49 50 57 57 51 52 57 60 59
60 60 60 56 56 56 56 57 59 56 57 55 55 56 56 55 56 53 52 58 46 45 49 46 46 47 52 50 45 50 51 54 57 57 57 58 58 53 53 44 40 46 47 45 47 46 48 48 49 51 58 70 67 63 62 63 61 56 61 62 61 63 62 52 46 48 48 45 48 45 44 43 45 45 45 46 45 47 46 43 50 51 49 50 48 48 52 55 53 55 57 52 52 59 59 57
61 62 58 55 56 57 56 55 56 55 54 53 54 54 56 55 57 57 56 57 45 45 48 48 49 45 50 51 48 51 53 56 56 56 57 57 55 53 53 45 43 46 45 44 46 47 47 50 50 49 56 65 70 64 61 60 62 62 63 61 62 65 58 45 43 44 47 43 49 47 46 47 46 41 43 46 45 48 48 47 50 54 50 46 51 53 53 53 53 53 53 52 53 58 57 57
61 61 57 55 56 55 54 55 55 55 53 54 55 54 56 55 55 56 56 57 43 44 46 49 53 46 53 50 51 54 56 56 57 56 55 57 53 51 50 45 44 45 44 44 47 48 48 49 50 53 57 60 65 67 61 60 64 64 63 63 64 62 52 45 44 45 48 47 46 50 52 46 44 45 42 46 44 49 46 50 49 50 56 55 54 51 51 50 53 52 53 55 54 57 60 63
59 59 58 58 55 53 53 55 54 55 54 52 54 56 55 55 55 54 54 57 49 50 51 55 57 54 57 53 56 58 56 56 56 55 54 54 49 45 47 47 46 42 43 45 48 47 49 50 50 56 57 58 60 69 67 62 64 62 61 64 69 59 46 47 45 47 48 48 47 45 53 51 42 43 44 47 46 53 43 49 44 49 57 60 55 53 53 50 53 53 52 55 59 60 64 61
59 58 61 60 55 53 54 55 55 55 53 52 53 56 54 57 55 54 54 57 56 55 55 56 58 57 58 60 58 58 57 56 52 53 53 53 46 41 44 47 46 42 45 47 45 47 48 48 56 56 53 55 59 67 72 70 67 64 64 70 73 63 47 45 44 47 46 43 47 48 54 57 47 45 45 46 45 53 50 47 51 55 53 54 53 55 54 50 52 53 54 55 61 60 60 58
58 60 61 60 54 54 56 56 57 55 55 53 55 54 57 57 54 55 54 57 54 56 56 55 57 58 57 58 57 56 55 55 52 54 55 50 50 43 47 47 44 43 44 45 47 49 50 51 55 57 54 53 54 57 61 68 69 68 66 67 57 56 48 38 47 52 45 46 53 53 56 57 56 53 48 49 48 40 49 54 58 55 57 55 52 55 56 51 50 55 60 56 66 65 61 62
58 59 59 59 54 54 57 55 59 56 55 54 57 55 58 55 52 56 54 55 53 55 57 54 56 57 57 58 58 56 53 55 54 56 52 55 56 48 47 44 45 47 47 49 51 49 53 59 52 59 56 55 53 57 52 55 62 67 56 52 53 54 49 48 48 51 46 54 55 58 52 54 55 54 53 45 48 48 55 57 54 58 58 60 52 50 55 54 53 57 58 58 57 63 64 58
54 59 55 59 54 54 56 55 57 56 55 53 57 57 58 56 55 55 53 56 52 54 56 54 57 55 56 56 61 55 55 56 55 57 56 56 53 53 48 47 46 48 51 52 49 53 54 54 54 60 56 54 54 57 60 55 54 57 60 55 49 52 54 47 48 58 52 53 57 53 54 53 55 55 54 49 56 55 56 57 56 56 54 60 57 52 52 54 60 60 58 60 59 64 63 59
48 59 53 55 54 53 56 56 56 54 53 54 57 54 57 53 52 54 54 54 52 56 58 60 61 58 58 56 58 56 54 58 55 55 54 53 53 56 58 52 52 50 49 54 56 58 54 55 58 57 56 53 54 54 59 59 58 51 51 54 54 48 53 54 53 61 49 54 57 54 53 52 50 54 53 51 59 55 55 56 52 55 54 55 59 54 53 53 58 58 57 61 61 64 64 60
47 54 54 54 51 53 55 56 56 55 52 53 57 55 62 56 54 53 54 56 52 57 59 54 53 54 54 59 61 61 56 53 53 53 57 52 54 53 55 58 56 56 55 54 57 58 56 55 57 55 53 51 54 54 54 55 55 53 54 53 52 50 53 54 52 57 51 53 57 55 55 54 54 53 50 50 57 57 54 56 52 54 52 52 58 57 60 53 57 59 58 57 59 62 62 58
44 53 53 57 50 52 54 56 56 54 52 54 56 54 60 55 54 54 54 54 50 59 61 52 56 60 58 57 56 58 60 56 54 55 55 54 55 57 57 58 55 57 55 55 58 55 56 54 51 54 55 53 52 53 55 54 57 57 57 55 51 52 53 52 55 57 53 53 56 55 56 56 54 54 51 53 55 62 54 53 52 53 52 52 53 59 60 57 59 56 57 58 61 64 59 57
52 53 56 56 52 53 55 54 55 54 53 54 55 56 58 58 54 54 54 53 53 56 60 56 59 56 58 59 56 56 58 57 53 54 53 54 54 55 58 57 57 55 54 60 57 53 55 53 48 54 54 54 56 52 54 54 56 55 57 59 54 53 52 51 55 58 53 54 58 54 55 53 53 53 53 53 55 62 58 53 52 54 53 54 56 58 60 60 64 59 60 62 66 64 59 60
50 52 56 54 53 52 54 54 56 54 53 53 54 55 56 55 54 53 54 55 57 57 58 56 57 54 57 56 56 55 56 56 55 54 52 55 54 55 58 56 60 56 57 61 55 53 54 54 52 56 54 55 56 53 54 55 56 55 56 56 53 52 53 51 54 57 57 57 57 54 54 50 52 54 53 55 53 60 59 57 53 55 53 53 56 56 61 61 63 61 61 60 71 67 61 56
43 45 47 50 46 50 51 52 53 53 53 51 54 54 57 55 54 53 56 59 59 59 57 58 57 55 56 56 55 56 57 57 56 54 51 54 57 54 58 56 61 55 55 60 56 53 54 54 54 53 53 57 57 53 56 55 58 53 54 53 52 52 54 52 55 56 61 59 59 55 55 54 53 54 52 56 52 55 57 57 52 54 54 56 56 56 60 62 63 62 61 58 68 69 66 56
44 47 48 51 45 45 45 46 47 50 53 46 53 55 56 53 55 53 59 60 56 57 57 59 56 54 54 56 55 55 56 58 54 52 54 54 55 55 56 56 58 54 55 58 57 53 52 53 54 55 53 56 58 55 55 55 57 54 53 53 51 54 52 50 53 57 57 59 60 56 55 57 55 56 54 54 54 54 58 57 51 55 54 53 58 59 60 62 59 60 60 59 62 69 64 56
46 47 48 49 47 46 46 46 45 45 48 50 55 55 53 51 53 54 59 59 55 57 57 59 58 52 53 53 55 55 54 56 55 52 55 54 50 55 57 55 56 55 55 54 57 53 51 54 53 54 53 56 59 56 53 56 54 54 57 52 52 53 53 53 56 58 54 59 61 59 56 62 57 54 55 55 54 53 57 55 52 55 56 48 58 60 57 61 59 60 62 62 58 72 66 56
46 47 47 48 49 48 48 45 46 44 45 47 53 54 53 54 52 58 58 58 56 57 56 56 58 54 54 52 55 58 56 54 53 56 52 55 52 56 59 55 55 55 54 53 56 58 53 55 53 55 53 55 55 55 52 54 53 55 57 54 53 53 54 53 54 52 57 56 59 59 56 62 56 55 54 55 54 54 55 57 51 55 57 49 56 60 59 57 61 62 58 63 56 68 67 61
48 47 49 48 48 49 54 45 42 42 43 42 47 54 54 54 52 58 56 58 58 55 58 55 56 56 55 54 56 58 57 56 54 56 53 57 54 57 59 56 53 57 57 58 58 56 52 54 53 54 52 56 58 64 55 54 53 52 56 53 53 52 53 55 55 53 60 57 56 54 55 60 58 60 55 53 54 56 54 53 56 58 56 48 52 62 62 61 60 58 58 62 57 69 73 62
50 48 48 49 48 46 51 49 46 40 39 39 39 50 51 51 55 56 54 56 55 53 57 55 54 59 53 54 55 51 54 54 53 53 52 58 55 57 57 57 57 56 57 58 55 56 52 54 53 53 53 54 62 66 58 52 53 53 53 54 53 53 54 53 56 53 58 57 60 54 56 57 55 60 61 54 55 57 54 53 56 57 51 56 58 66 60 65 64 56 60 59 54 67 74 62
52 50 49 48 48 45 44 49 50 48 47 43 43 44 54 52 55 57 53 56 54 53 57 52 54 55 54 54 57 56 52 54 54 53 55 56 54 57 58 53 56 58 56 57 58 55 50 52 53 52 55 52 62 64 68 55 58 52 54 53 54 52 53 54 51 53 54 55 60 62 55 57 59 58 58 56 55 55 54 56 57 55 56 61 58 61 58 60 63 56 58 60 59 62 67 64
52 53 53 48 48 47 48 48 49 48 48 40 43 43 53 55 55 56 53 56 50 55 57 53 58 55 54 53 51 53 52 54 53 55 55 56 57 57 58 56 58 56 61 59 58 59 54 52 53 53 56 54 60 61 59 56 59 58 58 55 53 54 54 53 53 55 56 55 53 61 59 61 56 57 57 57 55 53 57 56 54 56 60 59 58 57 59 61 63 55 61 56 57 58 68 65
47 53 53 50 50 50 50 48 48 46 41 44 37 44 55 47 50 55 55 54 49 53 56 52 57 60 59 58 55 53 53 52 55 55 53 55 58 60 58 55 57 57 60 57 57 55 53 54 54 57 54 60 61 58 55 56 58 59 61 60 58 55 54 53 54 55 54 54 57 57 58 61 61 59 57 57 57 54 55 54 55 59 63 56 59 60 58 65 64 55 58 61 59 57 64 67
48 47 56 56 52 53 49 50 45 40 49 48 40 44 43 46 50 53 54 55 50 53 54 54 54 54 53 57 59 56 55 51 52 55 55 57 58 63 56 57 57 58 62 61 56 54 53 55 55 53 52 61 62 58 54 57 56 58 61 59 58 55 54 54 54 54 54 56 58 60 62 57 65 61 57 59 56 53 55 55 56 59 60 58 59 62 54 60 65 55 59 59 58 58 60 65
48 41 42 48 48 52 49 49 45 42 47 41 39 44 40 51 48 53 54 53 51 54 55 54 56 58 57 55 58 57 58 58 53 53 56 55 56 61 58 58 58 58 58 60 58 57 56 54 56 55 56 57 58 56 58 57 61 58 61 58 59 57 54 51 51 55 55 59 56 57 59 55 65 62 57 56 55 54 55 58 57 57 57 59 58 61 54 58 62 55 60 59 58 58 57 66
47 44 43 42 51 51 47 44 40 39 45 42 36 43 47 51 44 53 54 53 49 54 55 51 56 57 56 55 58 60 57 58 55 53 56 54 56 57 57 57 59 59 58 57 58 60 56 54 57 58 58 56 54 55 57 57 61 62 57 59 55 56 58 56 51 55 56 58 54 55 58 54 63 63 61 58 57 55 53 59 56 56 54 59 56 58 58 60 58 54 59 56 56 57 58 63
