data/grids/SOILEXCH.asc
NCOLS 822 
NROWS 563 
XLLCORNER -58000 
YLLCORNER 5661000 
CELLSIZE 1000 
NODATA_value -9999 
[rows 225 to 269 of 563, columns 480 to 575 of 822]
26 25 23 24 27 27 26 22 18 19 21 23 24 26 25 23 21 22 22 25 24 23 23 25 24 24 22 21 23 24 24 24 25 24 24 24 28 24 22 21 21 24 25 20 18 17 21 24 21 22 22 24 23 24 21 27 28 25 21 20 19 19 20 19 18 22 23 20 19 19 21 24 24 23 22 21 23 20 18 17 18 77 -9999 -9999 58 20 17 19 21 23 20 20 21 20 21 23
27 26 28 25 25 26 32 29 22 19 20 22 23 23 23 22 22 22 22 26 26 26 23 25 27 24 24 23 22 24 25 24 25 22 23 23 24 23 21 23 23 25 26 22 18 17 20 20 22 22 22 23 23 23 24 24 27 25 23 21 20 21 21 17 18 19 21 20 22 24 23 24 23 24 21 22 20 18 19 17 18 75 -9999 -9999 222 52 21 19 22 21 21 21 23 24 25 26
24 24 25 25 24 24 30 26 20 18 19 21 24 22 21 22 22 24 22 24 25 25 25 24 25 26 26 26 25 24 23 24 23 21 21 21 22 23 23 22 23 21 23 20 18 17 18 18 21 19 21 23 23 23 25 24 23 22 23 23 19 21 20 18 18 17 19 20 22 25 25 25 23 23 21 22 22 22 19 16 19 66 -9999 -9999 239 94 20 22 26 24 24 25 24 25 24 24
24 24 23 23 24 25 25 24 25 19 20 22 23 24 24 24 23 26 23 23 25 26 27 26 24 26 26 25 24 27 21 21 18 19 20 21 22 22 22 21 21 21 21 23 21 18 20 20 22 20 19 23 22 23 23 26 23 27 26 22 23 22 22 21 20 20 19 21 25 25 25 23 24 24 22 23 22 23 20 17 18 42 207 -9999 231 133 33 20 23 22 24 26 26 24 22 22
23 22 23 25 24 24 25 24 22 18 20 23 24 25 25 25 23 23 24 23 24 26 27 27 25 25 24 24 24 27 22 19 19 19 19 25 25 25 23 21 21 22 23 26 22 20 21 20 20 20 20 22 21 20 23 24 24 28 25 20 24 21 21 21 20 19 20 21 25 24 22 22 23 24 23 23 22 23 18 17 18 18 80 238 -9999 -9999 158 18 21 20 22 22 22 22 22 21
21 20 20 24 21 21 23 24 25 19 19 20 23 24 25 24 25 24 24 24 24 26 26 26 25 25 24 22 22 22 22 22 21 19 20 23 24 22 22 21 20 22 24 25 23 21 20 20 19 20 20 21 25 26 22 23 24 25 23 20 20 21 19 21 21 21 19 21 25 22 20 21 20 22 23 24 23 23 18 17 17 19 19 100 144 -9999 -9999 20 22 20 20 19 20 21 20 21
21 19 19 19 19 19 20 21 24 21 20 18 22 23 25 25 25 25 24 24 23 25 25 25 25 24 23 23 23 21 22 20 18 19 21 21 21 20 22 19 21 22 23 24 23 21 20 19 20 22 20 20 23 26 20 23 23 25 23 22 19 21 22 22 21 20 20 21 22 23 21 20 19 24 25 24 22 22 19 19 17 19 19 19 72 -9999 -9999 19 19 20 24 111 44 21 19 21
20 19 18 19 19 18 19 20 21 20 19 18 21 23 24 25 24 24 23 24 24 26 26 25 25 24 24 23 24 22 20 18 20 21 21 21 20 19 20 19 23 21 21 22 22 20 19 20 21 21 22 21 20 23 22 21 22 25 26 24 22 21 23 22 21 22 22 21 22 21 21 20 25 26 25 24 22 22 24 18 16 17 18 18 30 172 -9999 18 19 25 21 52 28 23 23 22
19 18 18 18 19 18 18 19 19 20 19 18 20 23 24 25 24 23 22 25 25 24 25 26 24 25 24 24 22 22 20 17 20 20 21 21 19 18 19 20 22 22 24 20 20 19 22 22 21 20 20 20 20 20 20 19 20 22 29 27 26 24 24 22 22 22 24 22 21 20 22 21 25 26 24 23 24 21 22 21 20 20 19 19 19 39 54 22 25 22 21 22 23 24 22 21
20 20 20 21 20 20 20 22 21 21 19 18 21 22 24 24 23 23 24 24 24 25 24 25 23 25 23 23 22 20 19 19 20 19 19 19 17 18 19 18 19 20 22 22 24 20 22 21 19 19 20 18 20 19 19 19 19 21 25 27 28 24 25 23 22 20 20 19 21 23 26 25 27 26 24 25 25 23 22 21 21 20 22 23 19 19 26 22 24 23 22 23 23 21 21 22
25 24 22 22 20 20 20 21 23 21 20 20 20 23 25 25 24 22 25 23 23 26 23 24 24 25 24 23 21 20 23 24 21 23 21 19 20 19 19 18 19 19 22 21 21 23 20 21 20 18 19 19 20 21 19 19 20 19 23 26 29 26 22 20 20 19 18 21 23 22 23 27 25 25 24 26 24 27 23 22 22 26 24 22 22 21 21 23 25 28 24 25 23 20 22 20
28 25 22 20 20 20 21 20 21 23 22 19 19 23 25 24 24 24 23 23 23 22 22 24 25 26 24 21 20 21 21 21 19 23 23 22 21 22 21 19 19 19 21 22 20 23 22 18 19 18 18 18 19 20 18 20 20 20 23 24 22 24 21 19 20 19 21 20 21 19 23 24 24 24 26 22 21 22 27 26 27 23 22 21 23 23 23 21 23 19 20 22 22 22 21 21
27 24 20 19 19 19 21 20 20 24 21 22 23 21 21 24 26 27 22 21 22 24 22 22 24 26 22 21 21 23 21 21 22 23 23 21 21 21 20 19 18 19 19 18 19 20 19 19 19 19 19 19 20 21 20 21 20 19 22 25 23 21 18 19 19 19 19 20 22 21 21 22 26 26 26 23 21 21 26 25 24 23 20 21 21 23 26 26 22 19 19 21 23 22 21 21
23 20 19 18 18 18 18 20 21 23 23 23 23 21 23 26 24 24 23 20 23 23 23 23 28 25 26 25 22 21 19 20 20 19 23 22 20 19 19 18 19 18 19 18 18 18 19 19 19 20 23 21 23 23 23 21 20 21 22 27 25 21 19 18 20 19 17 19 24 21 20 21 23 24 23 24 22 21 22 26 24 21 21 21 21 23 23 24 21 19 21 21 23 21 21 22
24 20 18 18 18 18 18 19 21 22 23 22 20 24 22 22 24 24 24 24 24 25 24 24 24 26 25 26 23 21 20 21 21 19 22 21 21 19 19 18 18 18 18 19 20 21 19 19 19 21 25 23 25 25 27 26 22 23 23 24 25 22 18 20 20 17 17 19 20 22 21 22 23 22 20 19 22 22 20 22 26 22 21 22 22 22 21 19 20 22 22 22 22 21 21 23
22 20 18 18 17 18 18 20 20 20 22 26 22 20 20 22 23 24 24 23 23 23 23 23 22 25 25 25 22 21 21 23 21 19 21 21 20 20 20 19 18 19 19 20 21 27 20 22 21 23 27 26 27 27 28 31 26 24 24 20 21 24 21 21 23 20 18 22 22 25 23 21 23 22 19 18 19 20 20 19 26 23 21 21 19 18 19 19 20 24 23 23 22 21 22 23
25 20 19 18 18 17 18 19 19 21 25 26 25 19 19 19 21 23 23 23 23 23 25 24 25 26 25 26 22 23 20 22 20 20 20 18 17 18 18 20 19 20 21 21 24 27 23 25 22 23 25 27 28 27 28 30 28 23 22 22 20 22 24 22 24 23 20 22 24 24 22 20 24 23 22 20 20 20 22 20 25 23 21 21 19 19 22 19 20 24 24 24 24 22 22 23
23 20 19 18 18 17 19 20 21 22 22 25 25 19 20 18 19 22 24 23 22 23 25 25 25 24 25 24 23 22 22 21 20 21 20 19 17 16 16 19 19 21 22 22 23 24 23 24 23 23 24 25 25 24 27 29 26 21 21 22 21 21 26 25 23 22 22 21 22 23 21 20 25 22 23 22 20 20 23 24 22 22 20 22 20 21 23 20 22 28 28 27 24 24 23 23
21 19 19 18 18 18 19 20 22 23 22 23 22 22 21 19 18 20 26 23 22 26 22 22 22 22 24 23 23 22 22 21 21 21 20 21 17 17 16 17 19 20 21 22 21 23 22 23 24 23 22 22 22 21 25 28 23 22 22 22 21 22 22 25 20 20 23 22 20 21 22 22 21 21 21 22 22 23 23 25 22 21 21 21 21 22 19 19 21 28 25 27 27 25 24 23
20 19 19 19 18 19 19 20 23 23 22 22 23 26 25 20 20 19 23 23 23 26 21 21 21 22 22 24 22 23 24 22 21 19 20 20 18 17 17 16 19 20 20 20 23 23 21 23 22 22 21 20 20 20 21 26 23 22 22 22 22 22 22 25 22 20 20 22 20 20 21 20 24 23 22 22 25 26 24 23 22 23 23 22 20 22 21 19 20 29 25 25 27 23 25 22
21 18 18 19 18 19 18 20 22 23 22 23 23 25 26 22 23 21 20 20 23 25 22 22 23 22 23 24 24 24 25 23 24 20 21 21 20 19 20 18 20 19 19 21 23 22 22 23 20 21 21 19 21 21 24 25 22 24 22 21 21 20 19 21 21 20 21 22 22 20 21 21 27 24 24 20 23 23 23 24 22 22 23 22 24 22 22 20 22 27 26 23 25 22 24 25
21 21 19 18 18 18 18 19 21 24 23 24 23 23 24 22 23 23 20 18 20 24 22 23 23 23 23 29 25 24 24 23 23 21 21 19 23 19 20 19 20 20 22 22 23 21 23 21 21 24 22 24 20 21 23 22 22 22 22 22 21 22 21 19 21 22 22 22 20 23 21 23 27 26 21 22 22 23 21 24 23 21 21 19 25 23 23 20 21 24 24 24 23 22 25 25
24 24 23 20 18 18 19 18 19 22 22 23 23 23 25 23 22 23 21 18 20 21 23 23 23 23 22 22 24 24 23 23 23 24 22 21 22 21 19 19 19 21 24 21 21 23 24 21 21 26 27 23 22 21 19 22 22 22 22 22 21 22 20 22 22 22 23 20 20 21 22 20 19 21 24 20 22 21 23 24 22 20 22 20 20 24 22 21 26 28 24 23 20 21 22 24
23 25 22 20 20 18 19 19 19 22 22 25 28 26 24 23 23 23 21 21 22 24 22 22 23 24 23 22 22 23 24 23 23 24 21 20 23 22 21 20 19 20 22 23 24 21 21 21 23 23 27 22 22 21 21 21 21 22 22 21 21 20 22 23 23 22 22 20 22 26 22 21 21 20 19 21 23 23 19 23 25 22 20 23 19 22 21 26 26 27 23 24 22 23 23 24
24 25 23 20 20 18 17 20 19 21 23 23 25 23 25 25 24 22 19 23 22 25 23 22 27 23 22 23 25 22 22 24 21 21 23 22 20 23 21 20 20 19 22 22 22 24 22 21 27 24 29 26 23 20 20 21 23 25 21 21 19 21 21 20 22 20 19 21 24 23 22 20 20 22 21 22 21 21 19 22 25 23 19 20 19 21 23 21 27 27 23 23 22 23 22 24
22 23 23 19 19 19 18 16 19 24 21 22 24 25 25 27 25 26 22 22 21 19 24 24 22 24 24 25 23 22 23 23 23 22 23 22 21 21 21 23 21 22 21 26 26 27 25 24 24 22 24 23 22 22 22 21 21 21 22 21 19 20 21 22 20 18 20 23 21 21 20 19 20 23 23 25 23 24 22 25 23 24 19 21 22 23 23 24 26 27 24 24 23 24 24 24
21 21 22 21 22 20 17 17 19 24 23 22 24 23 23 22 22 25 21 22 22 22 21 20 19 20 23 23 25 23 24 22 22 24 22 23 22 22 23 23 22 22 22 24 24 24 25 24 25 23 24 21 22 22 23 21 21 21 23 23 20 20 21 21 19 19 19 20 21 20 19 19 20 23 23 24 24 22 23 22 23 23 20 22 23 23 22 24 27 25 22 23 24 24 24 25
19 23 21 22 21 21 19 18 19 24 24 21 21 23 22 25 23 23 22 21 21 21 21 21 20 22 22 22 22 22 24 22 22 22 21 23 24 23 24 22 21 22 25 26 24 24 25 27 26 23 24 23 23 23 23 23 22 22 23 23 21 21 21 22 20 18 20 21 21 22 21 19 19 21 21 24 23 22 22 22 23 23 21 22 21 20 20 21 25 23 22 24 24 24 24 23
19 66 43 20 21 20 20 18 20 21 22 23 23 22 22 25 22 24 24 24 21 21 20 21 21 25 21 21 22 21 22 22 22 22 22 22 23 21 26 21 21 23 24 22 22 25 25 24 26 25 24 22 23 22 21 25 24 22 21 21 22 22 21 23 22 18 21 23 21 21 22 21 20 21 20 22 23 22 23 21 20 20 21 23 21 20 18 19 21 22 22 24 23 27 27 24
83 -9999 143 20 21 21 19 18 21 21 21 24 22 21 23 25 22 22 24 24 23 20 21 22 21 24 20 21 21 20 19 22 21 21 22 21 22 22 25 24 23 23 24 21 23 25 25 26 27 27 25 23 24 22 22 22 22 22 21 20 21 21 21 23 24 22 19 22 23 23 23 23 22 22 22 21 22 23 22 21 21 20 20 23 24 20 19 19 21 22 22 24 25 26 27 26
-9999 245 100 21 22 21 19 18 20 22 21 22 22 22 24 25 22 21 24 25 24 22 21 22 23 21 22 20 20 21 20 21 20 19 21 21 22 22 25 25 25 24 23 21 22 22 25 27 27 27 27 23 23 22 22 22 22 20 21 21 21 21 22 23 21 22 19 21 24 27 25 22 23 23 23 23 23 25 23 22 22 24 21 22 21 22 20 23 20 22 23 23 25 26 25 24
-9999 139 18 21 24 22 20 18 20 23 23 22 21 22 23 23 23 22 22 23 23 21 22 25 26 24 24 22 20 21 19 20 19 19 19 21 21 21 24 24 24 23 25 22 23 23 23 26 28 26 26 22 24 23 22 24 21 23 22 22 21 21 22 21 21 23 23 22 22 25 24 23 25 24 24 24 25 24 27 23 24 22 21 23 19 22 19 23 21 21 22 24 26 26 24 25
166 17 19 21 25 23 22 19 20 24 23 22 21 22 24 22 23 23 22 21 23 22 25 24 24 25 24 22 25 23 20 20 20 19 20 21 21 22 24 23 24 24 24 23 24 27 23 26 26 25 23 22 26 23 23 25 25 23 22 23 21 22 22 22 21 21 20 20 21 21 22 23 27 30 25 23 22 22 24 25 24 24 21 21 19 20 21 21 21 20 21 22 23 25 23 25
45 19 21 22 22 22 23 21 21 22 21 22 21 22 24 22 23 23 22 22 22 21 23 23 24 23 23 23 25 25 21 22 20 19 20 19 21 22 25 25 26 27 27 25 25 30 24 26 28 24 25 25 24 24 26 25 26 24 22 22 21 23 20 23 22 25 24 21 21 22 21 23 27 29 28 26 27 27 25 25 22 22 22 22 19 19 21 21 21 22 23 23 22 23 23 24
22 21 24 25 22 23 24 22 25 20 22 23 22 22 22 22 22 24 23 22 22 21 21 23 25 23 23 24 23 25 23 21 21 22 22 20 21 22 24 24 24 25 25 26 26 29 25 30 32 29 24 22 23 23 23 25 24 23 21 22 23 24 23 23 26 28 29 23 18 21 21 22 29 27 27 30 31 27 29 27 26 21 22 22 23 22 23 23 22 21 25 25 21 22 20 21
23 23 24 25 27 25 24 22 21 19 23 23 22 22 22 23 23 23 23 21 23 21 23 23 22 22 22 25 25 25 26 22 20 23 22 19 21 23 23 24 25 25 26 26 25 29 25 29 28 24 23 23 25 24 25 25 23 24 25 24 23 24 22 25 27 30 28 25 19 20 21 24 23 26 26 28 28 30 26 25 23 25 22 21 22 23 23 22 23 23 22 22 23 23 20 20
24 21 24 24 25 24 25 23 19 21 23 23 23 25 23 23 23 23 22 21 23 21 22 21 21 20 22 26 27 28 28 25 25 27 25 23 26 24 22 22 26 24 28 26 26 24 28 26 23 24 24 24 24 24 26 26 25 27 26 26 25 24 24 26 26 30 27 23 19 18 18 22 23 26 24 25 26 25 23 27 26 28 25 21 23 22 24 22 22 21 22 22 22 22 21 21
24 22 22 22 22 24 26 22 21 22 26 24 23 24 23 23 23 24 20 21 22 19 20 21 21 23 23 24 26 26 27 24 25 24 23 22 23 24 23 22 22 21 23 24 26 24 27 25 24 26 26 25 25 25 26 26 23 25 26 25 25 25 25 27 25 24 22 20 18 18 18 19 22 25 26 26 26 26 23 25 29 28 24 21 22 24 23 23 23 23 22 22 22 22 21 21
21 23 25 23 23 25 25 24 24 24 23 25 24 25 23 24 25 23 22 20 23 23 22 23 21 22 25 25 27 26 29 25 27 26 22 23 22 23 24 24 23 23 21 23 22 22 25 23 21 22 24 23 25 24 25 25 25 25 27 24 26 29 26 26 27 25 23 21 20 20 20 20 22 22 24 24 24 26 27 26 26 27 24 22 21 22 24 23 22 22 22 22 22 22 22 23
23 25 23 26 25 24 25 25 27 24 24 23 25 23 24 23 23 22 22 22 22 21 21 22 23 23 26 25 27 26 28 25 25 24 24 23 23 25 25 23 24 24 22 23 22 22 24 23 24 22 23 23 23 25 26 25 25 27 28 22 24 26 25 27 31 25 24 20 20 19 20 21 19 20 22 23 24 24 28 26 22 23 24 23 20 22 22 23 23 22 22 23 23 23 22 23
25 25 23 25 24 23 22 25 28 23 23 22 24 22 23 23 22 23 22 24 24 21 22 22 23 24 27 27 27 25 30 25 26 25 23 24 23 26 29 26 23 22 21 22 23 22 22 23 24 22 24 24 24 26 28 25 29 27 26 22 20 25 26 26 29 24 24 20 21 20 20 21 19 21 23 22 24 24 25 24 23 21 23 23 24 22 18 20 20 22 23 23 23 22 21 20
24 23 24 23 24 24 23 25 25 22 22 23 26 22 23 23 23 23 23 22 22 21 23 21 24 24 27 27 27 26 25 25 26 26 25 25 25 25 27 28 27 23 22 23 23 23 22 23 25 23 24 26 25 29 28 24 27 25 23 24 22 24 24 24 25 22 23 22 22 21 21 20 19 22 24 23 24 23 23 24 25 22 23 22 25 22 16 17 16 18 20 21 22 21 21 22
25 24 25 25 23 23 24 24 26 23 23 23 23 24 23 23 24 24 23 22 23 22 26 21 24 25 25 24 27 27 26 26 27 27 26 27 26 25 26 27 27 23 23 24 23 23 22 22 24 21 22 26 27 29 28 27 27 24 23 24 25 28 24 22 21 20 21 20 20 20 21 19 19 22 25 24 23 22 23 24 25 22 22 22 29 21 18 17 16 15 17 20 22 22 22 21
24 23 24 24 22 23 25 25 26 23 23 24 23 24 23 23 23 24 24 22 23 22 25 22 23 24 24 24 26 24 25 24 25 25 27 26 25 26 26 27 25 24 25 25 23 25 25 24 25 21 23 23 25 28 27 29 26 25 24 24 27 27 23 22 21 21 20 18 20 21 20 20 21 23 24 26 25 25 25 28 27 25 24 21 26 18 16 18 16 15 16 17 18 19 22 17
24 24 22 24 23 22 25 24 25 22 23 24 24 23 22 23 25 25 24 21 22 22 23 22 22 22 23 25 27 24 22 22 24 23 26 25 26 27 25 25 25 26 25 26 24 25 25 24 26 25 23 23 26 31 31 26 26 25 26 26 28 30 26 25 24 21 20 21 20 20 21 22 24 26 25 24 26 30 30 26 27 26 26 25 22 22 16 17 17 17 15 15 16 16 17 16
