data/grids/SOILEXCH.asc
NCOLS 822 
NROWS 563 
XLLCORNER -58000 
YLLCORNER 5661000 
CELLSIZE 1000 
NODATA_value -9999 
[rows 405 to 449 of 563, columns 0 to 95 of 822]
-9999 -9999 -9999 -9999 -9999 -9999 -9999 -9999 -9999 -9999 -9999 -9999 -9999 -9999 -9999 -9999 -9999 -9999 -9999 -9999 -9999 -9999 -9999 -9999 -9999 -9999 25 25 26 24 23 24 26 26 28 28 25 26 25 23 24 24 23 21 21 21 18 14 15 15 14 14 15 15 19 21 20 22 21 22 21 24 23 18 17 31 37 43 43 40 41 40 40 40 43 41 43 40 41 42 43 40 40 40 40 41 42 41 43 40 39 40 40 38 39 27
-9999 -9999 -9999 -9999 -9999 -9999 -9999 -9999 -9999 -9999 -9999 -9999 -9999 -9999 -9999 -9999 -9999 -9999 -9999 -9999 -9999 -9999 -9999 -9999 -9999 -9999 28 29 28 25 26 24 24 25 26 24 22 24 23 23 24 24 26 23 21 20 22 16 14 14 15 14 15 15 18 18 17 22 24 18 16 17 21 23 18 27 36 40 42 44 41 41 39 39 43 42 41 41 41 40 44 41 43 40 43 47 41 41 44 30 30 30 42 46 30 27
-9999 -9999 -9999 -9999 -9999 -9999 -9999 -9999 -9999 -9999 -9999 -9999 -9999 -9999 -9999 -9999 -9999 -9999 -9999 -9999 -9999 -9999 -9999 -9999 -9999 -9999 27 28 29 27 27 29 26 25 24 22 20 23 21 22 24 24 24 23 22 24 29 24 18 16 15 15 16 15 15 15 14 17 17 15 19 19 23 18 17 17 34 36 39 43 41 42 41 44 41 40 40 40 40 41 44 44 42 40 42 47 44 36 32 25 25 25 27 35 30 28
-9999 -9999 -9999 -9999 -9999 -9999 -9999 -9999 -9999 -9999 -9999 -9999 -9999 -9999 -9999 -9999 -9999 -9999 -9999 -9999 -9999 -9999 -9999 -9999 -9999 -9999 26 27 27 29 26 30 27 27 23 22 22 23 23 24 24 24 24 25 26 25 22 25 20 17 16 16 16 14 15 14 14 15 15 16 17 16 17 17 16 16 26 32 33 38 39 41 40 45 42 48 41 40 41 41 47 43 43 41 42 44 36 28 24 25 26 27 29 24 27 27
-9999 -9999 -9999 -9999 -9999 -9999 -9999 -9999 -9999 -9999 -9999 -9999 -9999 -9999 -9999 -9999 -9999 -9999 -9999 -9999 -9999 -9999 -9999 -9999 -9999 -9999 25 25 26 27 25 25 26 26 24 22 23 23 22 26 27 26 26 27 26 23 24 24 20 16 16 16 17 16 16 16 16 17 16 16 18 18 16 15 16 15 15 30 31 31 32 36 37 42 43 41 41 41 39 39 43 40 40 41 39 33 26 25 27 23 26 28 26 26 27 27
-9999 -9999 -9999 -9999 -9999 -9999 -9999 -9999 -9999 -9999 -9999 -9999 -9999 -9999 -9999 -9999 -9999 -9999 -9999 -9999 -9999 -9999 -9999 -9999 -9999 -9999 25 24 24 28 26 25 25 27 28 24 24 23 23 26 25 26 27 26 25 24 25 24 21 17 16 16 16 16 18 17 16 15 15 16 16 16 16 16 16 16 16 24 33 32 32 35 40 34 26 24 28 27 25 30 36 34 33 33 30 25 25 25 25 25 24 24 31 24 26 26
-9999 -9999 -9999 -9999 -9999 -9999 -9999 -9999 -9999 -9999 -9999 -9999 -9999 -9999 -9999 -9999 -9999 -9999 -9999 -9999 -9999 -9999 -9999 -9999 -9999 -9999 24 25 24 25 26 26 26 30 29 27 24 24 24 26 22 22 23 25 25 25 24 23 22 17 16 16 15 15 16 15 14 15 16 15 17 15 17 16 16 16 17 18 34 34 34 37 24 20 23 26 27 28 26 25 25 25 26 26 27 26 25 25 26 26 31 27 25 24 25 26
-9999 -9999 -9999 -9999 -9999 -9999 -9999 -9999 -9999 -9999 -9999 -9999 -9999 -9999 -9999 -9999 -9999 -9999 -9999 -9999 -9999 -9999 -9999 -9999 -9999 -9999 26 27 24 26 26 26 26 27 28 29 26 27 29 30 26 23 22 24 26 27 23 22 20 17 17 16 15 15 15 15 14 15 16 15 15 15 15 15 16 16 18 21 28 39 38 22 23 20 21 23 26 27 26 25 25 24 26 25 25 24 25 25 24 25 26 27 31 26 25 25
-9999 -9999 -9999 -9999 -9999 -9999 -9999 -9999 -9999 -9999 -9999 -9999 -9999 -9999 -9999 -9999 -9999 -9999 -9999 -9999 -9999 -9999 -9999 -9999 -9999 -9999 24 24 26 29 28 25 25 27 27 28 26 26 27 27 26 24 24 24 23 26 24 23 19 17 15 15 14 14 17 15 16 15 15 16 15 16 15 16 15 15 19 23 24 33 25 23 21 21 22 24 27 27 24 23 24 25 24 25 25 24 24 25 24 26 25 26 31 26 27 25
-9999 -9999 -9999 -9999 -9999 -9999 -9999 -9999 -9999 -9999 -9999 -9999 -9999 -9999 -9999 -9999 -9999 -9999 -9999 -9999 -9999 -9999 -9999 -9999 -9999 -9999 25 24 26 28 28 26 25 27 26 27 25 27 27 27 28 25 23 24 22 22 23 22 19 16 14 15 14 14 15 16 16 16 16 16 16 16 16 16 15 17 18 17 16 26 22 22 22 21 23 23 27 25 25 25 24 24 24 24 26 25 27 24 23 23 26 26 27 29 27 28
-9999 -9999 -9999 -9999 -9999 -9999 -9999 -9999 -9999 -9999 -9999 -9999 -9999 -9999 -9999 -9999 -9999 -9999 -9999 -9999 -9999 -9999 -9999 -9999 -9999 -9999 24 22 24 24 26 26 26 27 25 25 24 25 26 26 26 26 24 25 22 22 22 21 19 15 14 17 14 14 14 15 15 17 17 16 17 16 16 16 16 16 17 18 16 18 20 20 19 20 23 22 24 23 23 23 26 24 22 24 26 23 23 24 25 24 24 25 25 28 27 28
-9999 -9999 -9999 -9999 -9999 -9999 -9999 -9999 -9999 -9999 -9999 -9999 -9999 -9999 -9999 -9999 -9999 -9999 -9999 -9999 -9999 -9999 -9999 -9999 -9999 -9999 -9999 22 23 23 27 28 26 25 23 24 27 25 25 25 25 27 25 27 24 23 22 20 21 14 16 15 16 15 15 15 16 17 16 16 16 17 17 15 16 16 15 17 17 18 21 19 20 21 21 22 24 23 22 22 22 23 24 23 21 23 24 25 26 24 24 24 25 25 25 25
-9999 -9999 -9999 -9999 -9999 -9999 -9999 -9999 -9999 -9999 -9999 -9999 -9999 -9999 -9999 -9999 -9999 -9999 -9999 -9999 -9999 -9999 -9999 -9999 -9999 -9999 -9999 23 24 25 26 25 22 23 25 24 25 24 26 25 25 27 27 26 25 24 22 20 16 20 18 14 14 14 15 15 16 15 15 17 15 15 16 16 17 16 16 16 16 18 20 21 21 20 20 21 24 24 22 22 20 21 22 23 23 26 26 23 23 24 26 24 23 24 23 26
-9999 -9999 -9999 -9999 -9999 -9999 -9999 -9999 -9999 -9999 -9999 -9999 -9999 -9999 -9999 -9999 -9999 -9999 -9999 -9999 -9999 -9999 -9999 -9999 -9999 -9999 -9999 22 26 26 26 25 23 23 23 23 24 25 24 24 24 27 26 25 24 23 22 23 20 16 15 15 15 14 15 15 15 15 15 18 17 15 16 16 16 16 17 16 17 20 20 20 21 20 19 21 23 25 23 21 19 22 21 22 22 24 26 24 24 25 25 24 23 25 25 32
-9999 -9999 -9999 -9999 -9999 -9999 -9999 -9999 -9999 -9999 -9999 -9999 -9999 -9999 -9999 -9999 -9999 -9999 -9999 -9999 -9999 -9999 -9999 -9999 -9999 -9999 -9999 19 22 26 27 26 24 23 24 24 24 25 25 25 24 25 24 25 24 22 22 20 16 20 17 16 15 15 16 16 15 15 15 17 17 15 16 16 16 15 16 17 19 20 19 20 20 19 19 20 21 22 23 22 19 20 19 23 23 22 24 23 26 28 28 23 26 32 30 30
-9999 -9999 -9999 -9999 -9999 -9999 -9999 -9999 -9999 -9999 -9999 -9999 -9999 -9999 -9999 -9999 -9999 -9999 -9999 -9999 -9999 -9999 -9999 -9999 -9999 -9999 -9999 20 19 20 20 24 23 24 24 26 26 27 26 27 26 25 25 24 21 22 22 16 16 16 16 16 16 16 16 16 16 16 15 14 14 16 15 15 15 16 16 17 19 19 19 19 19 20 20 21 21 22 24 22 20 24 21 22 23 21 23 23 23 29 28 28 30 34 33 34
-9999 -9999 -9999 -9999 -9999 -9999 -9999 -9999 -9999 -9999 -9999 -9999 -9999 -9999 -9999 -9999 -9999 -9999 -9999 -9999 -9999 -9999 -9999 -9999 -9999 -9999 -9999 17 18 19 19 18 22 23 25 25 27 27 28 28 27 24 25 24 21 21 15 16 16 16 16 16 16 17 15 15 17 16 17 15 16 17 16 16 16 15 16 19 19 19 20 19 20 20 21 22 21 21 23 21 23 24 23 22 24 22 22 24 29 32 33 33 35 36 36 33
-9999 -9999 -9999 -9999 -9999 -9999 -9999 -9999 -9999 -9999 -9999 -9999 -9999 -9999 -9999 -9999 -9999 -9999 -9999 -9999 -9999 -9999 -9999 -9999 -9999 -9999 -9999 15 16 17 15 16 17 18 23 24 22 24 27 27 27 25 25 23 22 16 16 16 16 16 16 16 16 17 15 16 17 17 18 17 17 17 17 15 16 16 19 19 19 19 19 20 20 20 22 25 28 23 21 22 22 22 22 22 24 23 21 22 24 28 31 30 35 33 32 33
-9999 -9999 -9999 -9999 -9999 -9999 -9999 -9999 -9999 -9999 -9999 -9999 -9999 -9999 -9999 -9999 -9999 -9999 -9999 -9999 -9999 -9999 -9999 -9999 -9999 -9999 -9999 17 17 16 16 16 17 18 18 18 17 20 21 20 21 25 25 19 15 16 16 16 16 15 16 16 16 16 15 15 15 16 18 19 17 17 17 16 16 18 19 19 19 18 19 19 20 21 22 22 20 23 21 22 21 21 22 23 27 22 21 21 24 26 26 26 31 31 33 32
-9999 -9999 -9999 -9999 -9999 -9999 -9999 -9999 -9999 -9999 -9999 -9999 -9999 -9999 -9999 -9999 -9999 -9999 -9999 -9999 -9999 -9999 -9999 -9999 -9999 -9999 -9999 15 15 16 16 15 16 16 16 17 17 19 18 19 19 19 18 17 17 16 16 16 16 16 17 16 16 16 16 16 16 16 16 18 16 17 17 16 17 19 20 19 19 19 20 19 21 23 22 20 21 21 23 22 21 21 21 21 23 21 21 23 23 24 23 24 31 32 31 32
-9999 -9999 -9999 -9999 -9999 -9999 -9999 -9999 -9999 -9999 -9999 -9999 -9999 -9999 -9999 -9999 -9999 -9999 -9999 -9999 -9999 -9999 -9999 -9999 -9999 -9999 -9999 14 15 16 16 16 16 15 15 16 16 18 17 17 18 16 16 17 17 16 16 16 15 16 16 15 15 16 16 16 16 16 17 17 17 16 16 16 19 20 19 19 19 20 20 19 20 20 21 20 22 21 22 22 21 21 22 21 20 20 20 21 21 21 24 24 26 34 30 33
-9999 -9999 -9999 -9999 -9999 -9999 -9999 -9999 -9999 -9999 -9999 -9999 -9999 -9999 -9999 -9999 -9999 -9999 -9999 -9999 -9999 -9999 -9999 -9999 -9999 -9999 -9999 15 15 15 15 16 16 16 17 17 17 17 16 15 15 16 15 17 16 16 19 16 16 16 16 16 16 16 16 16 16 17 17 17 17 16 16 18 20 20 19 19 18 20 21 21 20 21 21 20 20 24 21 22 21 21 22 21 23 21 21 23 23 24 25 25 26 32 30 33
-9999 -9999 -9999 -9999 -9999 -9999 -9999 -9999 -9999 -9999 -9999 -9999 -9999 -9999 -9999 -9999 -9999 -9999 -9999 -9999 -9999 -9999 -9999 -9999 -9999 -9999 -9999 15 14 15 16 16 16 15 16 16 16 17 16 16 16 16 17 17 18 17 18 18 17 16 17 17 16 16 15 16 18 18 16 17 17 16 18 19 19 20 20 19 20 19 19 23 23 22 22 21 22 25 22 22 20 19 20 21 20 22 22 22 23 24 23 26 30 30 28 30
-9999 -9999 -9999 -9999 -9999 -9999 -9999 -9999 -9999 -9999 -9999 -9999 -9999 -9999 -9999 -9999 -9999 -9999 -9999 -9999 -9999 -9999 -9999 -9999 -9999 -9999 -9999 15 15 16 16 16 16 16 16 17 17 18 17 17 16 16 17 18 19 19 18 18 17 17 16 17 14 14 14 16 17 17 16 16 16 17 20 19 20 20 20 20 20 20 20 21 23 21 23 21 21 22 20 19 19 20 20 21 22 22 25 25 27 28 27 26 31 29 25 29
-9999 -9999 -9999 -9999 -9999 -9999 -9999 -9999 -9999 -9999 -9999 -9999 -9999 -9999 -9999 -9999 -9999 -9999 -9999 -9999 -9999 -9999 -9999 -9999 -9999 -9999 -9999 16 16 16 16 16 16 16 18 19 19 18 18 17 16 16 17 18 18 19 18 18 19 18 16 18 16 15 15 16 17 17 16 16 16 18 20 20 20 20 20 21 22 20 21 22 23 22 22 21 19 18 18 19 19 20 19 21 23 24 28 27 32 31 27 27 28 27 28 30
-9999 -9999 -9999 -9999 -9999 -9999 -9999 -9999 -9999 -9999 -9999 -9999 -9999 -9999 -9999 -9999 -9999 -9999 -9999 -9999 -9999 -9999 -9999 -9999 -9999 -9999 -9999 16 16 17 16 16 17 16 18 20 18 19 18 17 16 15 16 16 16 18 18 17 17 16 16 17 16 15 16 16 17 17 16 16 15 19 20 19 20 19 20 20 21 21 22 22 22 22 21 21 20 19 19 20 20 20 20 23 23 25 28 31 30 29 23 29 29 29 31 29
-9999 -9999 -9999 -9999 -9999 -9999 -9999 -9999 -9999 -9999 -9999 -9999 -9999 -9999 -9999 -9999 -9999 -9999 -9999 -9999 -9999 -9999 -9999 -9999 -9999 -9999 -9999 16 16 17 16 16 16 17 18 18 18 18 18 18 17 16 16 16 16 17 17 15 16 16 15 17 17 17 15 16 16 16 15 16 19 20 21 20 20 21 19 20 21 21 22 21 21 21 21 21 20 20 20 20 22 24 27 27 26 27 31 31 30 26 27 30 32 33 29 30
-9999 -9999 -9999 -9999 -9999 -9999 -9999 -9999 -9999 -9999 -9999 -9999 -9999 -9999 -9999 -9999 -9999 -9999 -9999 -9999 -9999 -9999 -9999 -9999 -9999 -9999 -9999 16 16 16 15 16 17 16 16 18 17 17 16 18 18 18 17 16 16 16 16 17 17 18 16 15 15 17 15 16 16 15 16 18 20 20 19 20 21 20 20 20 22 22 21 21 21 21 20 20 20 20 21 21 26 25 21 28 28 31 31 27 25 30 32 31 32 33 38 33
-9999 -9999 -9999 -9999 -9999 -9999 -9999 -9999 -9999 -9999 -9999 -9999 -9999 -9999 -9999 -9999 -9999 -9999 -9999 -9999 -9999 -9999 -9999 -9999 -9999 -9999 -9999 16 16 16 16 16 17 18 17 18 20 18 17 18 17 17 17 16 16 16 18 18 17 18 16 15 16 16 15 16 16 16 17 19 24 21 21 20 20 20 21 21 22 21 22 21 20 20 20 20 20 20 22 23 27 25 23 23 26 26 26 28 28 34 32 32 33 33 38 37
-9999 -9999 -9999 -9999 -9999 -9999 -9999 -9999 -9999 -9999 -9999 -9999 -9999 -9999 -9999 -9999 -9999 -9999 -9999 -9999 -9999 -9999 -9999 -9999 -9999 -9999 -9999 16 15 16 16 16 16 17 18 16 18 17 17 17 16 16 16 15 17 17 18 22 19 17 17 15 16 15 16 17 16 18 18 24 20 22 21 21 20 21 21 20 21 20 21 21 19 20 20 20 20 21 23 26 28 23 23 22 25 25 25 28 34 35 33 33 34 34 37 44
-9999 -9999 -9999 -9999 -9999 -9999 -9999 -9999 -9999 -9999 -9999 -9999 -9999 -9999 -9999 -9999 -9999 -9999 -9999 -9999 -9999 -9999 -9999 -9999 -9999 -9999 -9999 16 16 16 16 16 16 16 17 17 17 16 17 16 15 16 15 17 18 18 17 18 19 18 17 16 16 15 16 16 15 17 21 22 23 22 22 25 22 24 25 21 21 20 20 20 20 20 20 20 21 22 26 26 24 24 26 27 27 25 26 31 36 35 35 35 37 35 36 36
-9999 -9999 -9999 -9999 -9999 -9999 -9999 -9999 -9999 -9999 -9999 -9999 -9999 -9999 -9999 -9999 -9999 -9999 -9999 -9999 -9999 -9999 -9999 -9999 -9999 -9999 -9999 -9999 16 16 16 16 17 16 16 17 18 17 16 17 16 17 17 17 18 19 19 18 18 16 17 16 16 16 19 18 15 19 22 22 22 23 22 23 23 23 25 26 24 20 20 20 20 20 20 20 25 26 20 25 27 28 24 25 24 24 25 32 32 35 35 31 31 34 35 32
-9999 -9999 -9999 -9999 -9999 -9999 -9999 -9999 -9999 -9999 -9999 -9999 -9999 -9999 -9999 -9999 -9999 -9999 -9999 -9999 -9999 -9999 -9999 -9999 -9999 -9999 -9999 -9999 15 15 15 16 17 17 17 18 18 17 18 18 18 17 17 17 17 18 21 20 19 18 18 16 16 16 18 16 22 23 22 21 21 21 20 21 24 24 24 27 28 22 22 20 19 21 20 23 22 21 25 21 24 25 22 24 24 29 24 28 30 30 32 33 30 33 34 33
-9999 -9999 -9999 -9999 -9999 -9999 -9999 -9999 -9999 -9999 -9999 -9999 -9999 -9999 -9999 -9999 -9999 -9999 -9999 -9999 -9999 -9999 -9999 -9999 -9999 -9999 -9999 -9999 16 16 15 15 17 19 17 17 17 17 18 18 18 17 16 16 16 17 18 19 18 18 17 16 16 16 15 18 20 22 23 21 21 20 20 24 27 28 27 29 26 25 21 21 21 21 21 20 20 22 26 25 28 23 24 31 29 29 23 30 30 35 35 35 33 31 30 34
-9999 -9999 -9999 -9999 -9999 -9999 -9999 -9999 -9999 -9999 -9999 -9999 -9999 -9999 -9999 -9999 -9999 -9999 -9999 -9999 -9999 -9999 -9999 -9999 -9999 -9999 -9999 -9999 16 15 15 16 17 19 17 16 18 18 18 18 17 17 18 17 17 19 16 17 18 16 17 18 16 15 16 21 21 22 24 23 23 21 22 27 29 25 24 30 26 26 22 24 27 27 23 20 23 25 27 29 29 27 29 27 24 24 31 31 30 33 34 32 32 31 33 34
-9999 -9999 -9999 -9999 -9999 -9999 -9999 -9999 -9999 -9999 -9999 -9999 -9999 -9999 -9999 -9999 -9999 -9999 -9999 -9999 -9999 -9999 -9999 -9999 -9999 -9999 -9999 -9999 17 16 15 16 17 19 17 17 17 17 18 18 18 18 17 17 17 18 16 16 16 17 18 19 17 20 19 21 22 22 24 23 27 24 27 29 28 31 25 22 22 28 28 29 24 24 21 21 27 27 26 28 27 27 29 29 24 23 24 22 26 27 30 31 34 32 33 32
-9999 -9999 -9999 -9999 -9999 -9999 -9999 -9999 -9999 -9999 -9999 -9999 -9999 -9999 -9999 -9999 -9999 -9999 -9999 -9999 -9999 -9999 -9999 -9999 -9999 -9999 -9999 -9999 17 16 16 16 16 17 16 16 17 17 17 18 19 17 17 16 17 17 16 16 15 18 17 17 19 23 22 21 23 22 25 27 30 28 28 29 29 30 26 22 22 24 28 28 25 22 22 22 27 26 26 27 27 27 27 27 23 22 19 21 24 24 22 28 32 31 32 33
-9999 -9999 -9999 -9999 -9999 -9999 -9999 -9999 -9999 -9999 -9999 -9999 -9999 -9999 -9999 -9999 -9999 -9999 -9999 -9999 -9999 -9999 -9999 -9999 -9999 -9999 -9999 -9999 17 16 16 16 16 16 17 16 16 16 17 18 16 16 16 17 16 15 15 16 16 17 15 20 23 23 21 20 23 22 26 30 30 28 27 29 30 28 30 25 22 30 26 27 21 22 22 23 27 27 26 26 21 21 21 23 28 27 23 23 24 23 21 22 27 30 32 32
-9999 -9999 -9999 -9999 -9999 -9999 -9999 -9999 -9999 -9999 -9999 -9999 -9999 -9999 -9999 -9999 -9999 -9999 -9999 -9999 -9999 -9999 -9999 -9999 -9999 -9999 -9999 -9999 17 16 17 17 15 17 16 17 16 16 15 16 15 15 16 16 14 14 15 14 15 14 13 19 20 23 22 21 22 23 23 27 27 28 27 27 27 29 28 27 24 30 30 22 22 23 23 28 28 28 26 26 25 26 21 22 27 28 26 26 26 25 24 26 24 32 32 30
-9999 -9999 -9999 -9999 -9999 -9999 -9999 -9999 -9999 -9999 -9999 -9999 -9999 -9999 -9999 -9999 -9999 -9999 -9999 -9999 -9999 -9999 -9999 -9999 -9999 -9999 -9999 -9999 16 16 16 17 16 16 16 16 16 16 14 14 14 14 15 15 14 15 16 14 14 14 13 13 14 21 23 23 24 22 21 25 27 27 26 27 27 26 27 27 29 30 30 24 22 22 24 27 26 22 21 22 28 26 21 20 20 24 24 24 22 23 24 24 25 30 25 29
-9999 -9999 -9999 -9999 -9999 -9999 -9999 -9999 -9999 -9999 -9999 -9999 -9999 -9999 -9999 -9999 -9999 -9999 -9999 -9999 -9999 -9999 -9999 -9999 -9999 -9999 -9999 -9999 16 17 15 15 15 20 15 13 13 14 14 15 16 16 15 15 15 15 14 14 14 14 13 13 14 15 19 24 23 22 22 22 26 26 26 26 26 26 26 26 27 28 30 28 27 28 23 22 21 22 27 23 27 28 26 26 20 20 22 23 22 23 23 22 25 29 21 25
-9999 -9999 -9999 -9999 -9999 -9999 -9999 -9999 -9999 -9999 -9999 -9999 -9999 -9999 -9999 -9999 -9999 -9999 -9999 -9999 -9999 -9999 -9999 -9999 -9999 -9999 -9999 -9999 15 15 14 15 14 14 14 14 13 13 14 14 15 15 15 15 15 15 15 15 15 13 13 14 13 13 13 17 22 21 21 21 21 26 26 26 22 27 27 27 27 29 29 31 31 32 29 22 25 30 27 21 27 27 27 27 21 23 25 23 23 23 22 20 23 23 21 24
-9999 -9999 -9999 -9999 -9999 -9999 -9999 -9999 -9999 -9999 -9999 -9999 -9999 -9999 -9999 -9999 -9999 -9999 -9999 -9999 -9999 -9999 -9999 -9999 -9999 -9999 -9999 -9999 14 14 14 15 16 14 14 15 13 13 13 14 14 14 14 14 14 14 14 14 14 14 14 14 14 14 14 15 17 22 21 21 24 26 26 22 26 26 25 24 27 28 29 30 31 31 27 29 27 29 30 28 28 29 29 28 22 24 25 22 22 21 21 21 23 23 23 29
-9999 -9999 -9999 -9999 -9999 -9999 -9999 -9999 -9999 -9999 -9999 -9999 -9999 -9999 -9999 -9999 -9999 -9999 -9999 -9999 -9999 -9999 -9999 -9999 -9999 -9999 -9999 -9999 15 14 14 14 14 14 14 14 14 13 13 13 14 14 14 14 13 13 14 14 13 14 14 14 14 13 14 16 14 20 26 27 26 26 26 26 27 26 22 20 27 28 28 30 31 30 24 34 32 31 29 30 30 30 30 27 20 21 21 22 22 21 21 26 28 27 29 31
-9999 -9999 -9999 -9999 -9999 -9999 -9999 -9999 -9999 -9999 -9999 -9999 -9999 -9999 -9999 -9999 -9999 -9999 -9999 -9999 -9999 -9999 -9999 -9999 -9999 -9999 -9999 -9999 24 14 14 14 14 14 14 14 13 14 14 14 15 14 16 13 14 14 14 14 14 14 14 14 15 13 13 15 20 18 25 27 27 26 26 27 27 27 25 25 27 28 28 29 30 32 31 34 29 25 25 28 31 31 30 25 21 21 22 21 22 22 29 25 32 24 28 30
