data/grids/SOILEXCH.asc
NCOLS 822 
NROWS 563 
XLLCORNER -58000 
YLLCORNER 5661000 
CELLSIZE 1000 
NODATA_value -9999 
[rows 315 to 359 of 563, columns 96 to 191 of 822]
32 33 36 37 35 35 37 36 39 38 40 40 42 37 38 39 38 37 39 38 39 40 42 42 43 44 41 37 38 39 37 36 32 33 35 36 39 30 33 34 34 30 24 23 23 23 23 19 18 17 17 17 18 22 22 21 23 23 24 24 24 25 27 28 28 27 26 25 24 25 25 26 31 33 33 33 32 30 30 31 31 30 30 29 28 29 29 26 25 24 23 24 23 24 23 24
31 32 34 36 35 36 40 38 35 36 38 37 37 38 38 37 35 36 38 37 39 38 40 41 42 43 41 38 37 38 40 39 35 35 36 38 31 33 33 35 36 36 27 24 22 22 20 17 16 17 17 17 18 19 21 22 20 23 23 24 23 25 26 28 28 28 27 27 26 25 25 25 26 28 30 36 31 29 31 32 31 31 32 31 30 30 28 25 26 24 22 22 22 23 23 25
27 33 33 34 36 39 42 39 35 35 34 34 34 34 36 34 35 35 36 36 39 37 38 39 39 38 37 36 35 35 35 38 38 36 37 37 34 32 36 37 38 39 35 25 23 22 23 17 17 17 17 18 19 17 21 21 20 21 22 23 23 25 26 27 29 29 29 30 27 26 28 30 27 26 25 28 28 29 31 31 31 31 31 31 31 28 27 25 26 25 24 24 24 24 24 25
28 30 35 37 39 39 41 39 37 35 34 38 36 36 36 37 37 37 37 34 36 38 39 39 37 36 35 34 36 40 41 38 35 34 34 34 34 34 34 36 36 38 38 24 24 23 22 19 17 17 18 18 17 18 17 21 21 21 21 21 22 24 26 27 28 27 27 30 30 27 28 28 26 27 28 27 28 27 29 29 31 29 29 29 27 27 30 29 27 28 27 27 25 26 26 27
25 24 30 31 36 39 39 40 38 35 37 37 37 35 36 36 34 35 36 37 36 38 38 41 39 37 36 36 38 38 37 36 35 34 33 32 33 32 31 34 34 36 36 24 22 22 23 20 18 16 17 18 18 18 18 17 20 21 20 20 22 24 26 27 27 26 27 27 30 30 29 29 27 28 29 28 25 25 26 27 29 28 27 26 27 27 26 28 28 27 28 28 27 27 26 26
24 25 26 28 32 31 29 28 35 37 38 36 42 37 37 36 35 37 35 37 39 37 37 38 40 41 38 36 37 35 34 40 38 39 36 33 33 31 31 33 36 34 36 34 23 23 20 20 18 17 17 18 18 18 18 16 17 19 19 20 21 23 27 27 26 26 25 28 28 28 28 29 27 28 29 27 26 25 26 27 28 28 28 27 27 29 29 28 28 28 29 28 28 28 28 28
22 24 25 29 31 32 30 29 28 27 28 28 30 31 31 35 34 33 31 35 39 37 38 36 36 37 37 33 34 35 33 35 37 41 38 36 35 32 31 32 34 33 34 34 23 21 20 18 20 19 18 18 17 18 19 18 16 18 19 20 21 24 27 29 28 29 28 28 28 26 25 26 28 29 28 27 27 27 28 27 28 28 29 29 32 29 27 26 26 27 26 27 27 27 27 27
23 23 25 27 29 30 32 31 29 28 29 30 30 31 29 31 30 30 29 29 30 30 32 34 37 37 38 34 36 37 34 35 36 37 37 40 39 34 32 33 33 31 32 24 22 21 21 19 19 19 19 18 18 18 18 18 16 16 19 20 20 21 27 28 28 28 28 29 28 27 25 24 26 26 26 27 28 30 32 28 28 28 27 28 29 28 28 27 26 26 25 26 27 27 27 26
23 23 25 28 25 27 35 32 30 31 29 31 31 30 29 30 29 30 29 29 29 28 24 25 27 32 35 35 34 37 37 37 36 36 37 39 38 34 35 34 34 35 33 25 22 24 21 20 20 20 19 18 18 18 17 17 16 15 15 20 20 20 23 25 27 30 29 29 25 27 27 27 27 27 27 27 28 30 29 26 26 26 25 25 26 27 27 27 28 27 26 25 26 26 28 27
24 24 25 26 27 26 29 30 29 30 28 27 30 30 29 29 27 28 29 27 28 25 29 25 25 27 28 28 31 34 34 36 36 37 38 38 39 37 35 34 31 34 34 25 21 21 20 20 21 20 19 18 18 18 17 17 17 15 15 19 19 22 21 24 26 28 28 25 24 27 28 27 28 30 29 27 28 28 29 28 25 25 22 20 23 23 24 25 28 27 28 28 29 27 28 28
23 25 24 25 29 28 29 28 28 27 27 28 28 29 28 27 26 26 26 25 24 24 24 26 27 25 29 28 28 28 28 31 31 32 38 37 37 37 29 25 25 26 28 25 22 22 20 19 19 17 18 18 17 17 18 18 19 18 16 15 21 23 21 22 23 25 25 24 24 25 27 25 27 28 28 26 28 24 24 24 22 23 25 20 23 23 24 25 26 26 28 28 27 26 25 25
21 24 24 24 25 28 29 29 28 26 27 28 25 31 28 25 25 26 26 27 26 25 27 30 28 26 30 28 28 27 28 26 27 26 30 31 30 29 27 24 25 27 25 26 23 23 19 17 17 16 17 18 17 18 18 18 18 18 17 15 19 20 21 21 22 23 24 24 25 24 23 25 25 26 23 24 22 24 24 23 26 24 23 20 22 23 25 25 26 25 25 26 25 25 27 26
19 20 22 26 27 28 28 30 28 28 28 27 26 29 25 26 26 28 28 25 25 27 28 26 25 24 25 26 27 27 27 26 28 25 27 30 29 30 27 26 23 25 23 23 23 22 18 17 17 18 18 19 17 18 18 19 18 17 17 16 17 20 21 21 21 22 24 25 24 21 24 26 24 22 21 25 25 24 24 24 25 25 21 20 19 20 25 26 25 25 25 25 25 24 24 24
21 21 23 25 27 29 29 29 29 29 28 27 27 27 25 26 28 29 27 24 25 26 29 25 24 22 23 25 27 25 24 26 27 27 28 29 29 29 27 25 23 22 22 22 23 24 21 17 18 18 17 18 18 19 19 18 18 16 18 18 16 19 20 21 23 23 25 26 23 22 21 21 20 21 23 25 25 25 25 25 23 22 20 20 18 17 24 26 24 25 26 25 24 24 26 23
24 22 24 27 27 28 28 28 28 29 27 26 26 26 27 26 26 28 26 26 26 27 31 24 23 22 21 23 24 26 24 26 25 27 27 28 28 29 28 29 26 26 24 25 26 24 22 17 18 17 16 17 16 17 17 18 17 17 17 18 17 17 21 21 22 23 26 28 26 32 30 36 34 30 23 28 24 23 22 23 24 23 20 20 20 18 23 26 26 24 26 24 24 24 23 24
25 23 25 28 27 27 28 28 27 26 25 25 21 21 23 23 24 25 24 24 26 27 27 24 24 21 20 21 22 26 25 25 26 26 29 27 28 28 28 28 29 28 27 28 28 23 21 18 17 18 18 19 18 18 18 18 17 18 16 17 19 17 20 23 23 22 23 25 28 29 29 36 39 37 35 35 26 23 22 22 24 24 19 21 20 18 23 23 25 24 26 26 25 25 24 23
26 24 26 28 27 28 27 28 27 26 21 22 18 19 19 22 23 23 22 21 25 27 28 28 23 24 23 22 22 24 23 22 25 27 27 27 28 28 28 29 30 30 30 29 28 20 18 18 19 18 19 18 18 18 18 18 17 18 17 16 18 17 19 20 21 23 23 24 23 37 36 35 29 30 34 33 29 26 23 22 26 23 21 25 23 19 19 22 25 25 25 24 23 24 25 26
25 23 25 27 28 27 26 27 29 26 21 26 21 24 19 22 24 23 23 22 25 25 26 30 25 24 24 21 19 22 25 26 27 28 28 27 27 26 28 29 30 30 30 28 20 18 19 18 19 22 20 17 18 18 19 17 17 18 17 17 17 18 17 20 26 29 32 26 21 217 26 22 30 24 27 28 26 24 23 23 24 22 20 22 20 22 24 23 25 23 26 24 24 25 25 26
24 22 23 26 25 25 27 27 25 25 23 26 22 17 22 23 25 25 24 24 25 23 23 24 22 23 21 20 19 21 23 28 28 27 28 26 25 29 27 28 27 26 27 20 18 19 17 17 16 18 18 17 18 17 18 17 18 17 18 17 17 19 17 20 21 24 24 27 23 23 21 22 22 24 23 24 22 21 24 21 22 23 23 24 25 22 23 19 25 24 26 25 23 24 23 24
22 21 20 22 22 25 25 25 27 26 24 22 21 22 24 25 27 24 24 24 24 22 21 25 22 22 23 20 19 20 22 24 25 25 28 26 26 28 28 27 25 23 22 18 16 17 17 20 19 16 16 17 17 17 18 17 17 16 20 16 15 18 19 17 20 20 28 30 29 26 22 20 22 23 24 23 23 22 23 21 21 22 21 22 23 23 23 22 21 22 26 25 24 25 25 24
21 20 19 20 22 24 25 25 26 26 29 28 27 27 28 27 27 25 24 23 24 23 23 20 20 20 21 20 19 20 21 24 26 26 26 25 27 26 27 25 23 24 21 19 17 18 21 22 21 17 16 17 16 17 17 16 17 141 190 17 17 17 19 16 16 20 20 24 28 25 24 21 21 22 25 26 22 20 21 22 21 18 21 23 21 28 26 21 19 21 25 25 24 26 26 25
20 19 18 19 23 24 25 25 26 29 31 30 27 27 28 27 27 26 24 25 24 26 23 20 18 22 20 18 19 18 20 23 25 26 25 25 27 26 24 24 22 24 22 19 19 20 20 17 18 17 16 16 16 17 17 17 18 174 52 16 17 18 19 18 15 19 20 21 23 24 23 21 22 24 25 25 22 21 19 19 20 22 19 23 23 23 22 22 20 22 23 23 25 25 25 25
23 22 20 20 23 30 27 23 26 26 29 27 27 27 27 26 27 25 25 24 23 23 21 20 19 20 18 18 19 18 19 20 23 25 24 25 27 26 26 24 23 20 21 19 19 19 18 16 17 16 16 16 17 16 18 19 17 160 240 16 17 16 19 18 15 17 20 23 23 23 21 21 23 25 25 26 25 25 24 20 22 22 20 21 23 23 23 22 20 21 22 23 25 24 24 25
22 22 21 23 24 26 25 27 25 27 29 26 27 27 27 25 26 25 26 24 25 26 21 21 18 19 19 18 18 18 19 20 21 23 22 24 23 24 24 23 20 20 20 17 18 18 19 17 18 16 16 16 17 17 19 17 15 144 45 17 17 17 19 20 16 16 21 23 23 21 20 23 23 24 25 26 26 25 25 24 21 19 19 20 21 22 23 23 21 21 24 25 25 23 23 23
29 30 36 38 36 29 31 25 24 25 26 27 27 26 27 25 25 24 26 22 23 27 23 21 18 19 21 18 19 18 20 22 23 24 21 19 20 24 23 23 21 23 22 19 17 18 18 18 18 18 16 16 16 16 18 17 18 18 16 17 18 17 20 20 16 15 20 22 22 21 21 23 24 24 24 23 24 25 24 22 21 20 19 21 20 21 23 24 24 21 24 26 23 22 23 24
37 37 35 36 37 41 43 32 32 26 25 25 26 26 26 26 26 25 25 25 23 22 21 20 19 19 20 18 18 19 20 21 22 21 21 20 20 24 23 22 22 21 21 21 19 17 17 18 18 18 18 18 17 18 18 17 15 16 16 17 18 16 20 21 17 16 18 22 23 21 20 22 28 32 25 24 25 26 24 22 24 23 23 21 20 19 21 23 26 24 25 25 25 24 24 27
39 36 30 28 34 37 42 45 42 37 26 25 28 28 26 25 25 25 25 22 22 21 19 18 19 18 21 21 19 19 19 20 20 20 20 19 20 19 20 20 21 21 21 20 21 19 17 17 19 18 18 18 18 19 18 17 17 18 18 18 18 17 19 20 18 17 17 20 21 19 20 21 25 31 26 25 25 24 23 25 25 24 23 20 19 18 19 20 21 23 24 25 24 22 23 24
37 40 35 32 44 40 43 46 44 43 37 26 26 25 27 27 26 25 24 21 20 19 18 18 18 19 22 22 18 18 18 20 20 18 18 19 18 18 19 19 19 20 20 20 20 21 20 20 17 18 18 18 18 18 18 17 17 17 18 18 18 17 19 19 19 18 17 17 20 20 22 21 31 30 21 23 25 25 25 25 24 24 21 19 18 19 18 20 21 25 25 23 21 21 22 23
39 41 43 40 43 44 44 44 42 40 44 36 29 27 27 27 27 26 25 21 20 19 18 18 18 20 22 23 18 18 18 19 19 18 19 18 18 19 18 19 18 20 20 21 21 20 20 20 20 19 16 16 16 17 18 17 18 17 18 18 18 18 19 20 18 19 17 18 17 21 20 20 107 72 21 23 23 28 24 23 22 24 23 20 19 18 18 19 22 22 24 23 24 25 24 23
40 41 44 42 43 45 44 45 39 37 40 40 33 26 26 28 28 26 25 22 20 18 18 18 18 20 21 23 18 18 18 18 19 18 19 19 19 19 18 18 18 20 21 21 22 21 20 20 21 21 21 18 17 17 18 18 17 17 17 18 17 18 19 20 18 17 18 16 17 21 21 20 22 25 21 23 26 27 25 23 21 22 24 23 21 19 19 20 19 22 24 24 22 25 24 24
38 37 39 41 41 43 44 45 39 39 38 42 44 29 26 27 26 23 23 21 20 19 19 18 19 20 21 24 18 20 18 18 18 18 18 20 21 21 20 17 18 19 21 21 20 22 20 21 21 21 21 20 20 19 18 18 18 18 18 18 19 18 18 19 20 18 17 17 17 17 21 21 21 21 23 23 27 28 27 25 21 22 25 25 22 19 20 24 22 21 24 26 24 22 25 23
37 37 38 40 39 40 41 36 34 34 38 41 44 33 26 25 24 21 20 20 19 19 19 18 19 20 21 21 18 21 21 19 18 20 22 22 23 23 21 19 18 19 20 20 20 20 21 21 23 23 22 22 21 20 19 18 18 18 17 17 17 18 17 16 18 17 17 18 17 18 21 21 21 23 25 25 25 32 27 26 25 23 25 24 25 25 22 22 21 22 23 23 24 20 21 24
39 38 38 36 35 33 33 32 35 38 38 40 43 43 29 25 24 21 20 19 19 18 18 19 19 20 19 21 20 27 23 19 19 22 27 26 22 21 20 19 17 16 20 21 21 20 21 21 22 21 20 21 21 21 22 20 18 17 16 16 16 16 16 17 19 18 18 18 18 18 20 22 21 22 25 26 25 28 30 30 26 26 23 24 24 24 23 23 22 23 21 22 22 21 20 22
40 40 36 33 32 31 29 34 38 40 40 38 40 45 26 23 26 26 24 21 19 13 17 19 19 19 19 21 21 27 23 18 19 21 26 25 22 17 20 18 17 16 16 19 19 19 19 17 18 18 18 20 20 20 21 21 19 16 17 17 16 16 17 17 17 18 24 20 18 19 21 24 22 22 24 24 27 27 33 27 27 22 27 26 25 22 23 22 22 24 21 22 25 22 21 20
37 42 40 34 32 33 36 37 40 42 40 37 42 43 21 20 21 20 19 17 14 13 12 12 19 19 20 22 22 28 22 19 19 22 26 25 18 16 20 18 17 16 15 17 17 17 17 17 17 17 18 19 18 21 20 20 18 16 16 17 16 16 18 18 18 18 20 23 18 18 19 20 22 22 23 23 26 26 27 26 27 26 27 26 26 23 22 22 22 22 22 26 27 24 23 23
35 39 39 37 38 39 44 42 43 44 43 36 38 39 21 19 17 16 16 15 12 12 12 12 14 20 20 21 21 24 21 19 21 24 27 26 18 17 18 18 15 18 17 16 17 17 16 17 17 17 18 18 17 20 20 19 20 18 18 17 17 16 17 19 18 19 18 21 17 18 18 18 21 21 21 21 24 25 27 34 27 25 25 24 24 22 21 22 21 23 22 24 26 23 24 22
39 38 39 41 41 42 42 41 43 43 43 38 37 39 23 17 16 17 17 14 12 12 12 12 14 19 21 23 23 28 23 20 23 25 30 24 19 18 16 15 15 17 17 18 16 18 18 16 17 18 18 18 18 19 18 19 20 17 17 17 16 16 18 19 19 18 17 17 18 19 17 19 20 22 22 21 25 24 25 25 22 22 21 21 22 22 20 20 21 22 22 23 25 23 25 23
19 22 38 39 41 42 40 41 41 39 38 36 37 38 24 18 16 15 17 17 16 13 12 12 13 18 21 27 22 26 21 20 22 24 24 19 18 18 18 17 16 17 17 18 18 18 20 20 19 18 17 17 17 17 17 17 20 17 16 16 16 16 17 19 19 18 17 17 18 18 17 19 19 19 23 23 24 23 26 26 23 21 20 20 21 22 21 21 22 21 22 23 26 23 26 26
18 21 41 37 40 42 41 41 39 32 30 37 38 39 23 15 16 16 16 16 15 14 13 12 12 15 24 28 20 22 20 20 20 21 23 18 18 18 18 18 16 17 16 16 18 18 20 23 21 19 17 17 17 17 16 19 16 16 18 17 16 16 17 19 19 18 17 18 17 17 18 18 19 17 19 23 23 24 25 25 24 23 22 21 21 22 23 24 22 23 26 24 25 25 22 27
19 41 42 42 42 44 40 40 33 23 25 37 37 35 24 13 13 14 14 14 15 15 14 13 13 15 25 26 21 22 21 21 21 20 22 26 21 21 21 19 17 17 16 16 17 17 17 19 20 21 19 18 17 16 15 18 14 15 17 17 18 17 16 18 19 18 18 18 17 17 16 18 20 17 18 21 21 23 23 23 23 24 22 21 22 21 22 23 24 24 23 21 21 26 24 26
35 41 41 40 37 41 38 27 24 22 22 30 32 30 31 16 14 12 12 13 13 13 14 13 12 17 25 26 23 22 20 21 19 19 22 23 21 21 19 17 16 17 16 17 17 16 16 16 18 18 18 16 14 14 14 14 17 15 17 18 18 17 17 18 19 18 18 17 18 17 16 18 19 19 19 22 19 22 21 27 28 24 23 23 24 23 23 23 25 22 24 23 20 26 21 22
46 41 38 44 37 38 30 19 19 22 19 20 19 18 33 19 16 12 12 13 12 12 13 12 15 22 25 26 28 29 21 20 19 20 22 20 17 17 16 16 15 17 16 17 16 17 18 16 16 19 18 15 14 14 14 14 14 14 16 17 18 17 18 18 19 19 17 18 18 18 16 17 20 18 18 18 20 20 20 31 31 28 26 24 25 25 24 26 24 24 24 22 22 26 24 22
48 46 42 46 37 31 21 19 18 18 18 18 17 18 16 16 18 12 13 13 12 12 12 13 19 24 25 26 29 29 27 20 19 19 20 17 16 16 15 15 15 16 16 17 17 16 18 19 18 18 18 15 14 15 14 15 15 15 15 17 18 18 18 18 19 19 18 18 19 16 16 18 19 18 16 17 19 19 19 24 29 27 23 23 26 23 22 24 24 24 25 25 23 25 22 23
46 43 40 40 33 24 19 20 20 20 18 18 18 19 17 16 24 16 17 14 12 11 12 16 20 25 22 17 19 24 20 20 19 19 19 16 15 15 14 16 16 16 17 17 16 17 16 17 18 18 19 17 14 15 14 15 15 15 15 17 18 18 18 18 18 19 17 17 17 17 17 19 20 18 17 18 19 18 19 22 25 26 21 23 23 21 23 26 26 25 25 25 24 25 23 23
42 37 36 40 33 21 21 22 22 28 35 30 30 30 20 17 21 23 22 14 12 12 12 17 22 25 20 18 18 22 19 20 17 18 18 15 15 14 14 15 16 17 18 17 17 18 18 16 16 19 19 18 16 15 15 15 16 15 14 17 18 19 20 18 18 19 17 17 17 17 17 19 20 19 21 21 19 18 19 23 24 27 23 22 25 23 23 21 24 25 25 24 25 26 25 23
