data/grids/SOILSAND.asc
NCOLS 822 
NROWS 563 
XLLCORNER -58000 
YLLCORNER 5661000 
CELLSIZE 1000 
NODATA_value -9999 
[rows 450 to 494 of 563, columns 480 to 575 of 822]
52 55 55 54 54 55 54 55 55 54 52 51 51 51 51 46 45 51 51 50 54 62 60 61 59 53 49 47 48 44 46 47 44 41 40 41 43 48 48 45 45 42 40 39 38 38 41 39 40 40 40 45 41 57 70 71 76 75 71 71 72 78 77 77 76 76 76 81 77 77 77 78 80 80 78 77 76 75 76 76 68 64 56 55 53 52 54 54 59 59 60 59 57 55 51 51
53 55 55 55 55 55 56 55 53 56 53 47 50 49 49 47 44 47 54 56 59 62 57 53 53 50 48 47 48 44 46 48 49 38 43 43 47 48 43 44 46 45 40 39 38 35 38 38 38 39 41 41 40 69 68 72 78 75 72 72 74 78 76 76 77 76 77 79 79 76 76 77 79 78 78 78 76 77 75 77 77 70 54 55 52 51 54 53 59 60 59 58 54 50 52 55
55 54 55 54 55 54 55 56 53 55 55 50 53 51 47 47 47 49 50 58 57 58 53 42 44 47 47 47 50 50 49 47 49 44 43 42 41 43 40 39 37 42 39 38 40 39 39 37 38 40 40 39 40 69 70 72 79 77 75 75 77 78 75 74 75 76 77 76 77 76 77 77 78 78 77 75 76 78 80 80 78 76 61 53 53 53 55 55 55 57 57 60 55 52 58 62
53 55 54 50 54 55 55 55 53 54 55 52 50 48 48 47 46 50 49 56 55 53 46 39 45 46 48 46 49 53 51 48 49 48 44 41 38 39 35 34 35 38 43 43 40 41 41 39 37 39 40 38 57 71 70 74 77 77 77 76 76 77 77 75 76 76 77 78 76 75 76 77 78 77 76 76 78 78 80 81 81 75 62 59 59 60 60 60 61 56 56 57 56 56 61 60
54 56 58 52 55 52 54 55 53 51 53 48 44 47 51 50 49 50 50 46 45 47 38 38 40 44 44 45 47 48 49 50 51 49 47 39 38 41 31 33 37 37 43 42 40 42 40 38 43 39 39 43 63 74 73 74 76 75 77 77 75 73 74 75 75 75 61 58 57 57 76 77 78 77 75 74 79 80 81 78 80 73 60 58 61 62 60 61 58 59 59 59 55 53 63 61
53 54 59 57 53 53 52 49 50 43 50 48 48 48 49 47 49 46 45 41 40 40 41 42 44 43 37 43 48 49 50 49 48 43 41 43 42 46 44 43 43 41 44 42 44 38 40 44 41 45 47 48 65 75 78 77 76 76 76 76 78 76 76 76 76 75 59 54 55 54 56 56 75 76 77 77 81 81 78 67 61 60 59 62 61 61 60 62 63 59 60 63 55 59 59 65
52 52 56 54 50 48 46 44 43 42 44 45 53 48 44 43 46 45 42 42 41 36 40 43 41 44 42 43 49 52 51 46 47 45 45 42 41 49 48 43 44 35 40 40 37 51 52 53 50 55 50 49 63 75 76 76 76 75 73 72 72 72 76 77 80 80 64 54 56 55 56 56 55 55 55 57 62 62 62 62 60 60 59 60 60 62 61 61 59 55 61 62 60 58 70 73
49 54 48 46 47 44 46 46 44 45 44 49 48 38 42 42 45 46 41 42 44 39 44 42 42 42 41 46 48 45 48 46 46 46 40 42 44 44 39 47 56 48 52 45 47 47 50 58 53 54 55 54 61 74 75 76 75 73 69 69 69 68 73 75 75 78 78 59 56 56 56 55 58 56 60 62 62 63 63 64 65 62 61 62 62 60 60 61 59 61 56 57 60 65 70 74
44 48 43 45 43 43 46 45 45 41 37 42 39 38 38 41 47 41 37 44 47 46 46 43 43 43 42 44 46 47 43 46 45 45 49 46 45 47 46 45 58 58 56 55 49 53 58 55 55 54 54 54 52 67 74 75 72 70 70 72 73 68 70 73 75 75 75 74 63 57 56 54 56 57 60 60 61 61 61 62 62 60 61 61 62 59 60 61 62 62 58 63 73 70 74 75
49 51 53 40 37 36 37 36 37 35 32 33 38 38 39 44 42 41 40 41 48 48 48 44 43 39 45 45 54 53 51 50 55 55 54 50 56 58 55 54 55 56 58 56 51 55 56 55 54 54 54 53 54 56 71 70 68 68 71 73 75 73 74 75 73 73 75 76 79 67 54 52 53 48 53 53 57 59 58 60 62 61 63 62 63 62 60 60 63 61 62 70 74 75 75 74
35 30 32 34 34 31 33 33 34 34 35 34 35 39 38 37 34 42 43 44 47 45 46 44 88 71 55 52 50 49 53 50 52 53 53 53 55 57 55 55 54 53 56 56 56 53 55 56 53 53 53 54 54 56 65 69 70 71 72 75 75 75 77 77 77 76 77 77 79 78 57 49 52 52 59 57 57 55 54 57 58 60 60 61 59 59 57 57 62 59 67 71 70 71 72 72
42 38 38 31 35 33 32 35 38 33 33 40 39 40 39 43 35 40 41 44 45 43 48 49 -9999 -9999 56 52 51 50 53 51 51 52 49 51 54 57 55 55 54 54 54 55 57 55 58 57 55 54 54 55 52 54 59 72 74 73 74 75 75 75 79 79 81 79 79 81 82 81 78 61 58 59 62 58 56 54 56 56 54 56 55 55 54 57 56 56 64 66 69 70 70 70 71 71
37 39 32 33 34 29 31 34 36 34 39 39 40 39 41 41 42 43 39 43 44 41 52 -9999 55 52 55 51 54 54 51 54 50 52 51 51 55 56 54 53 53 54 54 55 55 55 55 55 55 56 57 53 52 51 51 67 74 73 74 75 74 74 80 80 80 80 81 81 81 82 81 70 59 62 62 54 53 52 55 54 50 56 54 54 53 54 54 59 68 70 71 72 72 72 72 72
42 32 34 34 35 33 32 35 35 36 39 39 40 39 39 41 45 44 40 44 43 46 55 -9999 53 50 52 51 51 54 51 53 50 51 52 53 55 56 53 53 53 53 53 58 56 55 55 55 55 58 54 48 50 48 47 53 73 72 73 74 74 74 78 79 79 80 81 81 81 81 79 64 60 64 63 55 53 55 57 58 55 56 54 53 53 53 55 65 67 67 68 68 69 72 73 72
44 35 33 30 32 33 31 35 38 38 37 38 40 40 39 39 45 44 42 47 51 53 53 53 56 52 49 51 53 56 52 52 51 48 48 54 54 52 55 53 53 53 55 56 57 56 57 56 55 57 51 48 49 50 48 48 73 72 72 73 74 76 78 79 79 80 81 81 74 67 66 61 60 62 64 62 59 60 60 59 57 55 58 56 53 59 64 67 67 65 65 66 65 65 66 72
39 42 33 29 33 34 33 37 35 37 37 39 39 38 39 40 42 41 43 50 55 53 54 54 54 52 50 51 54 55 53 53 49 51 50 54 55 54 54 51 53 53 56 54 55 55 54 54 55 50 50 48 48 49 48 44 52 71 72 72 74 74 75 79 79 79 81 62 62 61 61 60 60 62 65 63 63 62 63 64 60 61 62 57 58 65 64 67 69 66 67 66 65 63 64 62
40 42 35 32 35 36 36 36 33 36 39 39 39 40 39 42 39 42 48 53 55 53 53 54 53 47 49 48 54 53 53 52 50 52 52 53 54 54 54 53 53 52 49 48 53 53 52 54 54 50 49 47 46 44 47 47 48 73 72 72 73 73 75 78 80 72 60 58 59 58 60 60 60 60 61 59 61 61 61 61 64 60 61 62 68 67 67 68 68 65 69 67 64 63 58 56
43 39 36 34 32 32 34 35 36 36 38 39 40 40 39 44 42 51 49 53 54 53 52 50 52 53 49 51 54 53 53 53 53 51 50 52 51 54 52 49 52 52 48 47 52 52 53 52 51 49 44 43 47 47 45 42 41 70 68 73 72 72 75 77 78 57 57 58 58 58 58 58 59 59 60 62 61 62 59 62 62 63 60 72 72 74 71 74 70 65 66 66 66 68 66 66
47 43 36 38 33 34 35 36 42 41 39 38 39 38 39 49 54 52 50 51 51 55 55 53 55 56 55 54 54 55 54 52 53 52 50 50 50 52 50 46 43 47 45 45 50 54 48 46 40 45 46 46 47 46 45 47 49 74 70 73 74 73 72 73 72 52 53 54 58 58 57 56 55 54 53 53 56 59 60 61 60 65 73 72 72 72 74 73 75 75 73 67 69 69 66 68
50 45 47 45 42 43 44 46 51 53 53 50 49 50 51 56 57 53 51 51 48 55 55 54 54 52 54 52 52 53 52 52 48 49 50 50 52 51 50 45 46 49 51 47 51 53 52 50 51 48 46 45 43 39 42 45 47 69 72 72 74 74 74 74 52 52 52 53 54 57 53 52 53 52 51 51 53 56 60 59 61 71 72 72 72 72 69 72 74 73 73 72 68 66 65 66
47 48 48 46 50 51 45 50 53 54 53 52 52 54 56 56 52 53 54 53 49 54 53 51 53 52 52 53 50 51 50 49 46 49 46 49 50 48 49 47 48 52 52 52 50 51 48 48 48 47 46 44 35 39 40 41 43 72 71 73 73 74 77 72 53 52 53 53 53 53 53 52 53 54 53 49 49 57 57 61 70 71 72 71 71 70 71 73 75 74 73 70 68 65 64 66
52 47 46 44 51 51 48 52 52 50 52 51 52 54 53 55 49 53 53 53 52 56 56 53 54 54 51 52 50 50 50 50 48 48 47 47 50 49 50 49 48 51 51 45 45 45 45 47 46 44 43 43 45 43 46 44 48 67 70 74 74 74 77 63 53 52 53 53 54 54 54 53 53 54 53 52 52 52 53 65 70 70 70 70 70 67 66 67 66 69 72 73 67 66 67 -9999
50 46 47 50 50 48 51 52 54 54 55 49 52 54 51 55 51 48 46 50 52 53 54 52 53 51 51 50 50 50 49 49 50 48 47 47 49 50 51 51 50 47 45 45 46 44 46 45 44 42 40 43 45 45 46 47 51 50 59 67 68 66 66 59 52 52 53 53 54 55 54 54 54 54 55 56 53 53 54 63 66 67 68 69 69 67 66 68 67 67 71 72 67 68 -9999 -9999
47 48 48 45 47 49 53 52 53 52 51 47 51 47 53 56 49 47 47 49 51 51 54 52 53 50 49 51 50 49 50 48 49 49 47 47 48 48 50 48 45 43 44 45 44 45 44 41 40 43 42 42 46 45 46 50 52 49 51 55 55 51 55 54 53 52 53 53 53 54 54 54 54 55 59 59 57 54 61 65 65 68 69 69 70 69 68 65 68 67 71 70 69 -9999 -9999 -9999
44 44 49 47 47 49 50 50 51 48 45 49 49 49 52 52 48 52 47 53 51 51 54 52 50 51 51 50 50 49 49 48 47 49 48 49 49 48 50 46 36 38 42 43 43 41 40 36 37 45 45 46 44 40 43 50 51 46 52 54 53 53 53 53 54 53 53 54 53 53 54 53 55 54 57 59 57 59 68 67 66 69 68 70 70 70 68 67 68 69 74 73 -9999 -9999 -9999 -9999
51 46 43 44 44 48 42 44 44 46 47 50 50 49 48 49 49 50 47 51 51 51 52 52 49 51 51 50 49 48 48 48 48 49 49 50 49 49 48 42 33 38 42 43 41 36 41 41 40 43 45 42 39 37 41 49 51 50 52 52 52 55 54 53 54 54 54 53 54 54 54 54 54 57 56 55 54 63 66 66 68 69 69 70 69 68 69 69 70 72 74 -9999 -9999 -9999 -9999 -9999
48 46 43 42 41 42 41 45 45 44 51 48 52 47 45 44 44 47 47 46 49 51 51 52 52 51 51 50 51 49 48 49 49 49 49 48 50 49 48 42 34 36 37 41 41 41 44 44 44 43 44 43 42 40 43 45 49 50 51 51 52 51 55 53 53 54 53 53 54 54 54 53 53 55 53 55 53 64 65 65 66 67 68 68 67 69 70 69 72 73 -9999 -9999 -9999 -9999 -9999 -9999
45 45 42 42 42 42 43 48 47 49 51 49 50 45 43 42 45 48 46 44 50 51 50 51 50 51 51 51 50 49 50 51 49 48 48 49 50 47 44 43 40 40 41 41 42 43 43 43 44 45 45 45 39 46 44 47 51 51 53 53 52 53 53 54 54 54 55 55 55 53 54 53 55 56 53 53 58 66 66 65 67 66 65 65 67 68 68 65 66 -9999 -9999 -9999 -9999 -9999 -9999 -9999
44 45 42 44 42 46 47 48 47 46 48 47 46 44 43 42 43 47 47 48 50 50 50 50 50 50 49 51 49 48 50 50 49 49 49 50 48 42 42 40 42 43 45 47 45 42 44 43 43 45 46 48 44 45 49 52 52 52 52 52 53 55 53 54 54 54 54 55 54 54 54 53 58 54 53 52 57 64 69 66 67 65 63 64 64 67 65 67 -9999 -9999 -9999 -9999 -9999 -9999 -9999 -9999
43 43 44 48 46 48 46 45 45 42 45 45 43 43 43 43 43 50 50 50 49 49 52 51 50 50 48 50 50 49 50 50 50 50 47 45 43 42 43 42 43 43 42 46 47 44 44 42 44 45 47 47 42 51 52 52 52 51 52 52 52 55 55 55 53 53 55 54 54 54 54 56 62 56 54 54 56 66 65 67 67 64 63 66 64 66 66 -9999 -9999 -9999 -9999 -9999 -9999 -9999 -9999 -9999
44 41 46 48 49 50 45 44 48 44 44 48 44 46 45 46 51 51 49 52 49 49 52 48 48 48 49 50 48 48 49 50 50 47 46 40 42 43 44 44 47 44 44 46 47 47 46 46 47 48 46 43 53 54 54 54 54 52 51 52 54 54 55 55 53 53 54 55 55 56 54 57 54 52 52 54 59 68 65 64 63 63 66 68 72 69 -9999 -9999 -9999 -9999 -9999 -9999 -9999 -9999 -9999 -9999
48 45 46 48 47 49 43 48 51 48 49 48 43 43 49 50 52 50 51 51 49 49 50 49 49 48 48 50 50 49 49 46 48 46 40 41 40 43 43 45 46 48 46 45 47 48 51 50 46 46 50 49 51 53 53 55 53 52 52 52 52 53 57 54 53 54 54 54 54 50 50 57 58 59 55 52 60 65 64 64 66 70 70 72 76 -9999 -9999 -9999 -9999 -9999 -9999 -9999 -9999 -9999 -9999 -9999
46 48 50 49 49 47 48 52 49 50 51 49 47 50 51 51 50 51 52 51 48 52 51 48 47 48 48 42 43 42 43 43 43 44 41 44 42 42 45 44 43 46 47 47 48 49 52 47 48 48 50 49 49 51 50 53 54 54 53 54 54 53 54 54 53 53 53 52 53 49 51 50 54 60 56 53 59 66 67 67 70 73 75 72 -9999 -9999 -9999 -9999 -9999 -9999 -9999 -9999 -9999 -9999 -9999 -9999
51 46 48 49 51 48 51 50 51 47 51 49 46 48 52 49 50 50 51 51 50 49 50 50 48 43 43 42 44 44 44 42 41 41 44 45 44 41 44 46 47 45 47 47 47 49 52 51 53 49 47 49 46 49 53 52 54 54 53 53 55 54 52 51 54 55 54 54 54 53 52 51 52 58 57 54 54 67 70 72 73 74 74 -9999 -9999 -9999 -9999 -9999 -9999 -9999 -9999 -9999 -9999 -9999 -9999 -9999
52 52 52 49 49 51 53 48 44 44 49 47 46 47 48 49 49 49 50 49 52 52 48 46 44 43 43 43 44 44 44 43 41 43 44 45 44 46 46 47 47 46 45 43 45 47 48 53 54 50 49 51 50 52 52 53 53 53 53 54 53 54 55 54 53 55 55 54 56 54 52 53 54 55 54 56 61 73 -9999 76 73 75 -9999 -9999 -9999 -9999 -9999 -9999 -9999 -9999 -9999 -9999 -9999 -9999 -9999 -9999
50 50 51 53 53 53 53 46 45 48 49 49 46 47 49 50 51 49 52 50 50 50 45 44 44 43 44 42 43 43 43 44 43 44 44 46 45 45 45 47 47 46 42 42 47 48 49 51 52 51 51 52 52 55 53 53 53 53 54 55 53 55 58 58 53 53 53 56 56 57 58 61 57 56 56 58 65 74 -9999 73 74 -9999 -9999 -9999 -9999 -9999 -9999 -9999 -9999 -9999 -9999 -9999 -9999 -9999 -9999 -9999
48 49 50 52 46 48 50 49 47 46 48 48 48 48 50 50 49 49 51 51 50 45 44 43 42 44 45 43 44 44 44 47 46 45 46 47 45 47 47 47 46 46 44 41 47 50 49 50 49 52 52 52 55 54 53 54 53 53 53 57 55 57 58 57 57 56 54 57 54 54 56 56 55 55 56 61 64 73 73 71 -9999 -9999 -9999 -9999 -9999 -9999 -9999 -9999 -9999 -9999 -9999 -9999 -9999 -9999 -9999 -9999
54 53 48 52 46 49 48 47 47 49 48 50 51 49 49 49 49 50 50 52 46 42 42 43 41 42 44 44 44 43 45 48 47 46 47 48 47 48 48 48 47 46 48 47 49 50 48 49 48 51 50 51 54 53 53 54 54 55 56 59 58 58 58 58 59 57 57 56 51 51 54 53 51 55 54 58 61 70 60 -9999 -9999 -9999 -9999 -9999 -9999 -9999 -9999 -9999 -9999 -9999 -9999 -9999 -9999 -9999 -9999 -9999
53 49 47 47 50 49 49 50 47 49 49 49 50 49 49 50 49 49 48 45 42 42 41 42 40 40 42 43 43 42 46 46 47 45 46 48 49 47 49 46 44 44 49 49 48 50 49 51 49 49 51 49 49 54 53 56 55 56 57 55 54 57 57 58 58 57 55 54 52 52 52 51 50 53 53 52 57 61 -9999 -9999 -9999 -9999 -9999 -9999 -9999 -9999 -9999 -9999 -9999 -9999 -9999 -9999 -9999 -9999 -9999 -9999
49 49 51 51 49 49 47 49 48 49 49 49 49 49 49 50 48 48 44 40 40 39 39 39 39 39 41 40 41 41 43 44 46 46 46 48 48 47 49 42 45 48 50 49 51 49 47 50 53 52 52 53 51 57 58 56 54 52 54 51 50 50 57 57 54 54 51 51 50 51 53 52 52 53 53 52 52 -9999 -9999 -9999 -9999 -9999 -9999 -9999 -9999 -9999 -9999 -9999 -9999 -9999 -9999 -9999 -9999 -9999 -9999 -9999
53 55 53 54 48 49 48 48 48 49 49 51 49 50 50 49 48 48 43 40 41 40 39 39 40 40 41 41 42 42 41 43 43 45 48 48 50 52 49 45 49 51 51 52 50 49 48 50 50 53 51 49 53 53 54 52 56 51 54 53 49 52 50 51 50 52 53 52 52 52 53 52 52 51 52 52 58 -9999 -9999 -9999 -9999 -9999 -9999 -9999 -9999 -9999 -9999 -9999 -9999 -9999 -9999 -9999 -9999 -9999 -9999 -9999
54 54 54 50 47 49 49 49 49 51 50 50 50 51 49 48 49 42 41 39 40 41 38 39 41 40 39 39 42 42 42 43 43 44 45 48 51 52 50 50 51 51 49 47 47 47 52 52 48 46 49 51 52 49 47 50 51 48 53 59 53 49 50 49 53 53 54 52 54 51 51 50 51 52 54 59 -9999 -9999 -9999 -9999 -9999 -9999 -9999 -9999 -9999 -9999 -9999 -9999 -9999 -9999 -9999 -9999 -9999 -9999 -9999 -9999
55 54 49 48 48 50 49 50 51 51 50 50 50 49 40 41 41 38 39 40 39 39 40 41 41 39 42 43 44 44 43 44 45 45 44 42 46 51 50 51 51 50 50 52 48 48 55 52 48 44 48 52 53 49 49 53 51 53 52 52 51 50 47 50 50 54 54 52 51 52 52 51 50 51 53 -9999 -9999 -9999 -9999 -9999 -9999 -9999 -9999 -9999 -9999 -9999 -9999 -9999 -9999 -9999 -9999 -9999 -9999 -9999 -9999 -9999
53 53 51 50 52 52 49 51 50 48 40 42 43 43 39 40 40 37 40 41 40 39 42 41 42 42 43 44 46 44 45 47 48 45 44 37 46 48 49 49 51 55 52 51 49 53 54 49 50 43 47 48 53 53 49 51 52 55 57 53 50 50 50 50 48 54 52 52 48 51 52 49 54 52 -9999 -9999 -9999 -9999 -9999 -9999 -9999 -9999 -9999 -9999 -9999 -9999 -9999 -9999 -9999 -9999 -9999 -9999 -9999 -9999 -9999 -9999
50 50 50 51 52 51 43 44 44 43 41 41 40 40 40 41 43 42 41 41 41 42 43 42 43 43 44 43 45 46 48 47 43 46 48 45 46 47 48 48 52 53 52 54 52 52 51 48 50 47 49 46 47 47 48 50 49 55 55 57 52 48 48 51 51 54 53 52 51 52 52 52 54 -9999 -9999 -9999 -9999 -9999 -9999 -9999 -9999 -9999 -9999 -9999 -9999 -9999 -9999 -9999 -9999 -9999 -9999 -9999 -9999 -9999 -9999 -9999
