data/grids/SOILEXCH.asc
NCOLS 822 
NROWS 563 
XLLCORNER -58000 
YLLCORNER 5661000 
CELLSIZE 1000 
NODATA_value -9999 
[rows 405 to 449 of 563, columns 576 to 671 of 822]
18 19 19 19 18 18 18 19 18 18 19 21 20 20 20 20 19 19 20 19 20 20 22 21 20 20 20 19 20 20 20 23 22 22 22 20 21 21 19 22 20 21 22 18 20 19 20 20 21 21 20 20 21 23 21 22 22 23 22 21 21 20 20 20 20 19 20 20 20 20 20 20 19 18 19 19 19 18 17 17 17 18 19 19 19 19 19 20 20 19 20 20 20 20 19 19
18 18 20 20 19 18 18 18 19 18 19 17 19 20 21 20 20 21 20 20 23 21 19 21 21 21 21 21 20 21 21 21 22 21 20 20 21 20 21 20 19 20 20 19 20 19 19 19 18 20 21 20 22 21 20 22 20 22 21 21 20 20 20 20 20 20 20 20 20 20 19 19 20 18 18 19 18 18 17 17 17 17 19 20 19 19 20 19 19 19 19 19 20 20 19 19
20 20 20 19 19 19 19 19 19 18 18 19 19 20 19 22 20 20 21 21 22 21 20 20 20 20 22 22 22 22 20 22 25 24 21 21 20 21 20 21 21 19 19 20 19 19 19 18 20 19 19 20 21 20 20 21 21 22 21 20 20 20 20 20 20 20 20 19 20 20 20 19 19 19 18 18 18 18 18 18 18 17 19 20 19 19 19 19 18 18 19 20 19 19 19 19
20 21 20 19 19 19 19 19 18 16 17 19 20 18 20 20 20 20 21 21 24 22 21 20 18 19 20 19 21 21 21 21 22 22 22 22 20 19 21 19 19 18 19 19 19 18 19 19 19 19 19 21 20 22 19 21 19 19 20 21 20 20 20 20 21 21 20 20 21 20 20 19 20 18 18 19 18 18 19 18 18 22 19 20 20 19 19 18 18 18 19 19 20 19 19 18
19 20 20 19 19 20 20 20 18 19 17 18 17 18 20 22 21 20 19 21 21 20 18 19 20 18 19 19 18 18 19 21 21 19 18 20 21 18 20 20 19 19 19 20 20 20 19 18 18 18 21 21 21 22 20 21 23 20 18 21 20 19 20 20 20 20 20 20 21 21 21 20 22 18 19 17 18 18 18 18 17 22 18 19 19 20 18 17 17 17 18 17 19 21 23 21
19 18 19 18 19 20 20 19 18 17 18 18 18 19 21 21 22 20 20 19 20 21 19 19 20 20 22 20 20 19 18 20 20 19 22 21 21 21 21 20 19 18 18 19 19 19 18 19 18 21 21 24 22 20 20 21 21 23 20 23 21 19 19 20 20 20 19 21 20 20 19 20 20 19 18 16 19 17 17 18 22 21 17 18 18 18 18 17 17 17 23 -9999 -9999 -9999 -9999 -9999
20 19 19 18 18 19 20 19 18 18 19 21 19 20 21 20 19 19 18 19 19 21 21 19 21 21 22 20 22 21 21 20 20 21 22 23 22 23 23 21 20 20 20 19 20 18 17 19 19 21 20 22 22 24 21 21 21 22 18 21 21 19 19 22 21 18 20 20 19 20 20 19 18 17 18 18 19 17 18 19 23 19 17 17 16 16 22 -9999 -9999 -9999 -9999 -9999 -9999 -9999 -9999 -9999
20 20 20 19 19 19 20 19 19 19 20 22 20 22 21 20 21 20 19 19 21 21 22 22 23 20 21 21 22 22 22 22 20 19 22 20 18 18 20 23 20 20 21 20 20 19 19 20 20 20 19 22 20 19 20 21 21 20 21 21 22 23 22 20 20 19 20 21 22 20 20 21 22 18 18 18 18 16 20 19 16 16 16 -9999 -9999 -9999 -9999 -9999 -9999 -9999 -9999 -9999 -9999 -9999 -9999 -9999
19 20 19 19 19 18 18 19 19 19 20 20 20 22 21 22 23 22 21 22 22 23 23 23 22 21 20 20 21 23 23 22 20 19 18 18 18 18 19 24 19 19 19 23 84 99 92 90 22 21 20 22 21 20 21 20 20 19 21 22 23 23 21 21 21 18 17 19 18 17 18 20 20 21 20 18 16 25 218 19 16 -9999 -9999 -9999 -9999 -9999 -9999 -9999 -9999 -9999 -9999 -9999 -9999 -9999 -9999 -9999
18 18 18 19 18 18 18 19 19 18 20 20 20 21 22 23 23 24 23 21 22 22 22 23 22 23 21 20 20 22 21 20 20 18 18 19 19 20 18 22 92 22 30 122 226 -9999 -9999 -9999 110 106 107 105 103 25 20 22 19 20 20 21 23 21 19 18 20 19 19 18 20 20 20 21 22 19 18 21 20 23 -9999 -9999 -9999 -9999 -9999 -9999 -9999 -9999 -9999 -9999 -9999 -9999 -9999 -9999 -9999 -9999 -9999 -9999
19 19 18 19 18 18 19 19 19 21 20 20 21 22 24 22 22 22 22 21 23 20 21 23 21 22 22 21 19 20 20 20 21 19 19 20 20 20 17 21 138 145 150 -9999 165 165 -9999 -9999 -9999 -9999 -9999 -9999 -9999 117 71 20 20 19 19 19 21 20 20 18 18 18 18 18 19 21 19 21 19 20 18 59 -9999 -9999 -9999 -9999 -9999 -9999 -9999 -9999 -9999 -9999 -9999 -9999 -9999 -9999 -9999 -9999 -9999 -9999 -9999 -9999
18 18 19 19 19 19 19 19 19 21 21 20 21 22 24 22 21 20 21 21 22 21 20 21 20 22 20 19 19 19 20 19 21 21 22 21 20 19 18 17 51 115 118 120 43 173 -9999 -9999 -9999 -9999 -9999 -9999 -9999 245 90 22 19 19 19 18 19 20 19 21 20 19 19 18 21 22 24 65 -9999 -9999 -9999 -9999 -9999 -9999 -9999 -9999 -9999 -9999 -9999 -9999 -9999 -9999 -9999 -9999 -9999 -9999 -9999 -9999 -9999 -9999 -9999 -9999
20 19 19 21 20 19 18 19 18 20 20 21 22 24 24 24 23 21 22 21 21 19 19 20 20 20 18 18 18 19 19 20 19 19 21 21 21 19 19 19 18 18 39 176 175 -9999 -9999 -9999 -9999 -9999 -9999 -9999 -9999 245 149 51 22 21 130 136 63 23 22 26 22 19 22 24 26 -9999 -9999 -9999 -9999 -9999 -9999 -9999 -9999 -9999 -9999 -9999 -9999 -9999 -9999 -9999 -9999 -9999 -9999 -9999 -9999 -9999 -9999 -9999 -9999 -9999 -9999 -9999
20 20 20 19 19 18 19 18 18 17 19 20 21 22 24 24 24 24 22 20 18 18 19 18 17 19 18 18 19 19 20 20 22 21 21 20 21 21 21 20 17 16 29 81 82 -9999 -9999 -9999 -9999 152 101 162 -9999 -9999 -9999 185 166 163 121 161 191 154 150 55 20 78 -9999 -9999 -9999 -9999 -9999 -9999 -9999 -9999 -9999 -9999 -9999 -9999 -9999 -9999 -9999 -9999 -9999 -9999 -9999 -9999 -9999 -9999 -9999 -9999 -9999 -9999 -9999 -9999 -9999 -9999
22 22 21 19 20 18 18 18 19 19 18 20 20 21 22 22 24 24 21 19 20 19 19 18 19 17 18 18 19 19 20 20 23 22 23 22 23 21 21 21 19 19 19 19 17 64 67 67 69 37 32 219 -9999 -9999 175 90 96 97 23 44 101 104 106 45 -9999 -9999 -9999 -9999 -9999 -9999 -9999 -9999 -9999 -9999 -9999 -9999 -9999 -9999 -9999 -9999 -9999 -9999 -9999 -9999 -9999 -9999 -9999 -9999 -9999 -9999 -9999 -9999 -9999 -9999 -9999 -9999
20 19 22 20 22 19 19 18 19 20 20 22 24 22 24 24 24 25 22 22 19 19 18 19 19 18 18 20 19 19 20 22 26 23 23 23 21 22 22 21 21 22 20 19 19 20 17 14 17 24 36 -9999 -9999 -9999 140 20 21 21 18 20 21 -9999 -9999 -9999 -9999 -9999 -9999 -9999 -9999 -9999 -9999 -9999 -9999 -9999 -9999 -9999 -9999 -9999 -9999 -9999 -9999 -9999 -9999 -9999 -9999 -9999 -9999 -9999 -9999 -9999 -9999 -9999 -9999 -9999 -9999 -9999
22 21 20 20 20 20 19 18 19 21 21 23 22 23 23 24 22 24 20 19 19 20 19 20 20 18 19 20 21 22 21 21 23 24 26 26 22 25 24 22 20 19 24 25 22 18 18 28 95 238 237 -9999 -9999 -9999 240 51 20 21 22 -9999 -9999 -9999 -9999 -9999 -9999 -9999 -9999 -9999 -9999 -9999 -9999 -9999 -9999 -9999 -9999 -9999 -9999 -9999 -9999 -9999 -9999 -9999 -9999 -9999 -9999 -9999 -9999 -9999 -9999 -9999 -9999 -9999 -9999 -9999 -9999 -9999
22 20 20 20 20 18 19 18 18 19 21 22 26 25 26 25 24 23 21 23 22 21 21 21 21 21 21 21 22 20 21 23 24 23 26 26 22 22 22 22 21 20 18 17 26 37 167 -9999 -9999 -9999 -9999 -9999 -9999 -9999 139 25 22 -9999 -9999 -9999 -9999 -9999 -9999 -9999 -9999 -9999 -9999 -9999 -9999 -9999 -9999 -9999 -9999 -9999 -9999 -9999 -9999 -9999 -9999 -9999 -9999 -9999 -9999 -9999 -9999 -9999 -9999 -9999 -9999 -9999 -9999 -9999 -9999 -9999 -9999 -9999
21 21 21 20 20 19 18 19 19 19 20 23 25 24 25 23 23 22 21 21 24 22 22 22 22 24 21 20 21 22 23 23 24 23 24 25 24 22 20 22 22 19 19 43 59 -9999 -9999 -9999 -9999 241 26 22 20 25 -9999 -9999 -9999 -9999 -9999 -9999 -9999 -9999 -9999 -9999 -9999 -9999 -9999 -9999 -9999 -9999 -9999 -9999 -9999 -9999 -9999 -9999 -9999 -9999 -9999 -9999 -9999 -9999 -9999 -9999 -9999 -9999 -9999 -9999 -9999 -9999 -9999 -9999 -9999 -9999 -9999 -9999
21 23 22 20 21 21 19 19 21 21 22 24 24 22 22 22 23 21 21 21 21 22 23 22 22 23 23 21 20 22 23 23 23 25 26 26 25 23 20 19 18 23 26 119 249 -9999 -9999 -9999 -9999 90 26 20 46 -9999 -9999 -9999 -9999 -9999 -9999 -9999 -9999 -9999 -9999 -9999 -9999 -9999 -9999 -9999 -9999 -9999 -9999 -9999 -9999 -9999 -9999 -9999 -9999 -9999 -9999 -9999 -9999 -9999 -9999 -9999 -9999 -9999 -9999 -9999 -9999 -9999 -9999 -9999 -9999 -9999 -9999 -9999
20 22 21 20 20 21 20 19 20 21 22 21 22 21 22 24 21 22 22 22 22 23 24 23 22 22 23 23 21 23 23 24 23 24 25 25 24 21 21 29 103 102 101 57 166 188 190 192 195 112 82 -9999 -9999 -9999 -9999 -9999 -9999 -9999 -9999 -9999 -9999 -9999 -9999 -9999 -9999 -9999 -9999 -9999 -9999 -9999 -9999 -9999 -9999 -9999 -9999 -9999 -9999 -9999 -9999 -9999 -9999 -9999 -9999 -9999 -9999 -9999 -9999 -9999 -9999 -9999 -9999 -9999 -9999 -9999 -9999 -9999
20 21 20 20 22 20 21 19 20 20 21 22 22 21 22 25 23 22 23 23 24 25 23 23 23 23 23 24 24 24 24 24 23 22 23 23 20 18 99 137 210 155 159 82 15 23 23 21 25 -9999 -9999 -9999 -9999 -9999 -9999 -9999 -9999 -9999 -9999 -9999 -9999 -9999 -9999 -9999 -9999 -9999 -9999 -9999 -9999 -9999 -9999 -9999 -9999 -9999 -9999 -9999 -9999 -9999 -9999 -9999 -9999 -9999 -9999 -9999 -9999 -9999 -9999 -9999 -9999 -9999 -9999 -9999 -9999 -9999 -9999 -9999
23 24 23 22 23 21 21 23 23 22 22 22 22 22 23 24 24 23 24 23 26 25 24 24 24 22 23 24 26 24 24 24 23 20 20 18 19 68 225 132 78 14 17 16 18 20 20 -9999 -9999 -9999 -9999 -9999 -9999 -9999 -9999 -9999 -9999 -9999 -9999 -9999 -9999 -9999 -9999 -9999 -9999 -9999 -9999 -9999 -9999 -9999 -9999 -9999 -9999 -9999 -9999 -9999 -9999 -9999 -9999 -9999 -9999 -9999 -9999 -9999 -9999 -9999 -9999 -9999 -9999 -9999 -9999 -9999 -9999 -9999 -9999 -9999
22 23 25 22 22 22 22 21 23 22 22 23 25 24 24 25 24 22 24 26 26 24 25 25 25 23 24 27 28 26 23 22 21 18 17 20 168 200 -9999 14 15 16 14 17 21 20 -9999 -9999 -9999 -9999 -9999 -9999 -9999 -9999 -9999 -9999 -9999 -9999 -9999 -9999 -9999 -9999 -9999 -9999 -9999 -9999 -9999 -9999 -9999 -9999 -9999 -9999 -9999 -9999 -9999 -9999 -9999 -9999 -9999 -9999 -9999 -9999 -9999 -9999 -9999 -9999 -9999 -9999 -9999 -9999 -9999 -9999 -9999 -9999 -9999 -9999
22 25 25 21 21 20 21 21 21 21 21 23 26 23 25 24 23 21 24 25 24 25 25 26 28 24 23 25 26 22 20 19 17 16 19 131 -9999 -9999 -9999 14 16 16 15 20 -9999 -9999 -9999 -9999 -9999 -9999 -9999 -9999 -9999 -9999 -9999 -9999 -9999 -9999 -9999 -9999 -9999 -9999 -9999 -9999 -9999 -9999 -9999 -9999 -9999 -9999 -9999 -9999 -9999 -9999 -9999 -9999 -9999 -9999 -9999 -9999 -9999 -9999 -9999 -9999 -9999 -9999 -9999 -9999 -9999 -9999 -9999 -9999 -9999 -9999 -9999 -9999
23 23 22 22 21 20 23 22 21 21 19 23 23 23 24 24 24 21 20 20 19 20 21 24 26 23 21 18 21 20 18 17 17 19 211 239 -9999 182 70 17 16 15 16 -9999 -9999 -9999 -9999 -9999 -9999 -9999 -9999 -9999 -9999 -9999 -9999 -9999 -9999 -9999 -9999 -9999 -9999 -9999 -9999 -9999 -9999 -9999 -9999 -9999 -9999 -9999 -9999 -9999 -9999 -9999 -9999 -9999 -9999 -9999 -9999 -9999 -9999 -9999 -9999 -9999 -9999 -9999 -9999 -9999 -9999 -9999 -9999 -9999 -9999 -9999 -9999 -9999
22 21 22 22 23 21 18 21 21 22 22 23 23 23 23 23 25 23 23 24 24 20 19 22 21 17 16 17 17 17 19 22 26 217 -9999 117 48 36 15 20 15 16 -9999 -9999 -9999 -9999 -9999 -9999 -9999 -9999 -9999 -9999 -9999 -9999 -9999 -9999 -9999 -9999 -9999 -9999 -9999 -9999 -9999 -9999 -9999 -9999 -9999 -9999 -9999 -9999 -9999 -9999 -9999 -9999 -9999 -9999 -9999 -9999 -9999 -9999 -9999 -9999 -9999 -9999 -9999 -9999 -9999 -9999 -9999 -9999 -9999 -9999 -9999 -9999 -9999 -9999
20 20 20 21 22 20 20 22 23 20 21 25 24 24 22 23 25 29 23 20 22 20 17 18 16 23 25 24 22 22 23 75 254 -9999 -9999 95 18 16 16 12 -9999 -9999 -9999 -9999 -9999 -9999 -9999 -9999 -9999 -9999 -9999 -9999 -9999 -9999 -9999 -9999 -9999 -9999 -9999 -9999 -9999 -9999 -9999 -9999 -9999 -9999 -9999 -9999 -9999 -9999 -9999 -9999 -9999 -9999 -9999 -9999 -9999 -9999 -9999 -9999 -9999 -9999 -9999 -9999 -9999 -9999 -9999 -9999 -9999 -9999 -9999 -9999 -9999 -9999 -9999 -9999
20 19 19 19 18 18 20 23 23 25 24 26 22 22 24 22 23 23 22 18 18 19 24 31 52 55 -9999 -9999 -9999 -9999 -9999 -9999 -9999 -9999 173 18 14 12 10 -9999 -9999 -9999 -9999 -9999 -9999 -9999 -9999 -9999 -9999 -9999 -9999 -9999 -9999 -9999 -9999 -9999 -9999 -9999 -9999 -9999 -9999 -9999 -9999 -9999 -9999 -9999 -9999 -9999 -9999 -9999 -9999 -9999 -9999 -9999 -9999 -9999 -9999 -9999 -9999 -9999 -9999 -9999 -9999 -9999 -9999 -9999 -9999 -9999 -9999 -9999 -9999 -9999 -9999 -9999 -9999 -9999
22 20 18 18 17 18 23 23 22 21 20 19 19 52 72 55 21 18 19 17 19 24 24 89 -9999 -9999 -9999 -9999 -9999 -9999 -9999 -9999 -9999 222 19 12 11 22 -9999 -9999 -9999 -9999 -9999 -9999 -9999 -9999 -9999 -9999 -9999 -9999 -9999 -9999 -9999 -9999 -9999 -9999 -9999 -9999 -9999 -9999 -9999 -9999 -9999 -9999 -9999 -9999 -9999 -9999 -9999 -9999 -9999 -9999 -9999 -9999 -9999 -9999 -9999 -9999 -9999 -9999 -9999 -9999 -9999 -9999 -9999 -9999 -9999 -9999 -9999 -9999 -9999 -9999 -9999 -9999 -9999 -9999
21 19 17 16 43 100 104 98 93 82 54 94 95 194 -9999 200 94 84 19 20 17 22 19 89 -9999 -9999 -9999 -9999 199 -9999 203 196 199 24 14 12 14 -9999 -9999 -9999 -9999 -9999 -9999 -9999 -9999 -9999 -9999 -9999 -9999 -9999 -9999 -9999 -9999 -9999 -9999 -9999 -9999 -9999 -9999 -9999 -9999 -9999 -9999 -9999 -9999 -9999 -9999 -9999 -9999 -9999 -9999 -9999 -9999 -9999 -9999 -9999 -9999 -9999 -9999 -9999 -9999 -9999 -9999 -9999 -9999 -9999 -9999 -9999 -9999 -9999 -9999 -9999 -9999 -9999 -9999 -9999
20 18 17 18 161 -9999 -9999 -9999 -9999 235 187 -9999 -9999 -9999 -9999 -9999 -9999 243 67 15 16 16 99 152 -9999 -9999 221 169 40 170 40 19 19 15 12 -9999 -9999 -9999 -9999 -9999 -9999 -9999 -9999 -9999 -9999 -9999 -9999 -9999 -9999 -9999 -9999 -9999 -9999 -9999 -9999 -9999 -9999 -9999 -9999 -9999 -9999 -9999 -9999 -9999 -9999 -9999 -9999 -9999 -9999 -9999 -9999 -9999 -9999 -9999 -9999 -9999 -9999 -9999 -9999 -9999 -9999 -9999 -9999 -9999 -9999 -9999 -9999 -9999 -9999 -9999 -9999 -9999 -9999 -9999 -9999 -9999
18 17 17 16 -9999 -9999 -9999 -9999 -9999 -9999 -9999 -9999 -9999 -9999 -9999 -9999 -9999 -9999 142 12 15 13 140 150 149 152 97 15 13 14 16 15 14 12 -9999 -9999 -9999 -9999 -9999 -9999 -9999 -9999 -9999 -9999 -9999 -9999 -9999 -9999 -9999 -9999 -9999 -9999 -9999 -9999 -9999 -9999 -9999 -9999 -9999 -9999 -9999 -9999 -9999 -9999 -9999 -9999 -9999 -9999 -9999 -9999 -9999 -9999 -9999 -9999 -9999 -9999 -9999 -9999 -9999 -9999 -9999 -9999 -9999 -9999 -9999 -9999 -9999 -9999 -9999 -9999 -9999 -9999 -9999 -9999 -9999 -9999
17 19 21 20 -9999 -9999 -9999 -9999 -9999 -9999 -9999 -9999 -9999 -9999 -9999 -9999 -9999 -9999 141 11 13 15 18 17 17 18 15 16 16 14 15 13 14 -9999 -9999 -9999 -9999 -9999 -9999 -9999 -9999 -9999 -9999 -9999 -9999 -9999 -9999 -9999 -9999 -9999 -9999 -9999 -9999 -9999 -9999 -9999 -9999 -9999 -9999 -9999 -9999 -9999 -9999 -9999 -9999 -9999 -9999 -9999 -9999 -9999 -9999 -9999 -9999 -9999 -9999 -9999 -9999 -9999 -9999 -9999 -9999 -9999 -9999 -9999 -9999 -9999 -9999 -9999 -9999 -9999 -9999 -9999 -9999 -9999 -9999 -9999
16 55 177 176 -9999 -9999 -9999 -9999 -9999 -9999 -9999 -9999 -9999 -9999 -9999 -9999 -9999 -9999 141 14 15 13 14 13 14 13 16 18 16 11 12 13 -9999 -9999 -9999 -9999 -9999 -9999 -9999 -9999 -9999 -9999 -9999 -9999 -9999 -9999 -9999 -9999 -9999 -9999 -9999 -9999 -9999 -9999 -9999 -9999 -9999 -9999 -9999 -9999 -9999 -9999 -9999 -9999 -9999 -9999 -9999 -9999 -9999 -9999 -9999 -9999 -9999 -9999 -9999 -9999 -9999 -9999 -9999 -9999 -9999 -9999 -9999 -9999 -9999 -9999 -9999 -9999 -9999 -9999 -9999 -9999 -9999 -9999 -9999 -9999
17 208 -9999 -9999 -9999 -9999 -9999 -9999 -9999 -9999 -9999 -9999 -9999 -9999 -9999 -9999 -9999 236 49 13 13 11 12 13 13 17 18 18 12 11 13 -9999 -9999 -9999 -9999 -9999 -9999 -9999 -9999 -9999 -9999 -9999 -9999 -9999 -9999 -9999 -9999 -9999 -9999 -9999 -9999 -9999 -9999 -9999 -9999 -9999 -9999 -9999 -9999 -9999 -9999 -9999 -9999 -9999 -9999 -9999 -9999 -9999 -9999 -9999 -9999 -9999 -9999 -9999 -9999 -9999 -9999 -9999 -9999 -9999 -9999 -9999 -9999 -9999 -9999 -9999 -9999 -9999 -9999 -9999 -9999 -9999 -9999 -9999 -9999 -9999
16 108 -9999 -9999 -9999 -9999 -9999 -9999 -9999 -9999 -9999 -9999 -9999 -9999 -9999 -9999 -9999 227 12 11 11 13 13 13 15 17 17 14 11 14 -9999 -9999 -9999 -9999 -9999 -9999 -9999 -9999 -9999 -9999 -9999 -9999 -9999 -9999 -9999 -9999 -9999 -9999 -9999 -9999 -9999 -9999 -9999 -9999 -9999 -9999 -9999 -9999 -9999 -9999 -9999 -9999 -9999 -9999 -9999 -9999 -9999 -9999 -9999 -9999 -9999 -9999 -9999 -9999 -9999 -9999 -9999 -9999 -9999 -9999 -9999 -9999 -9999 -9999 -9999 -9999 -9999 -9999 -9999 -9999 -9999 -9999 -9999 -9999 -9999 -9999
15 238 -9999 -9999 -9999 -9999 -9999 -9999 -9999 -9999 -9999 -9999 -9999 -9999 -9999 -9999 96 39 11 11 12 13 13 16 17 26 16 12 -9999 -9999 -9999 -9999 -9999 -9999 -9999 -9999 -9999 -9999 -9999 -9999 -9999 -9999 -9999 -9999 -9999 -9999 -9999 -9999 -9999 -9999 -9999 -9999 -9999 -9999 -9999 -9999 -9999 -9999 -9999 -9999 -9999 -9999 -9999 -9999 -9999 -9999 -9999 -9999 -9999 -9999 -9999 -9999 -9999 -9999 -9999 -9999 -9999 -9999 -9999 -9999 -9999 -9999 -9999 -9999 -9999 -9999 -9999 -9999 -9999 -9999 -9999 -9999 -9999 -9999 -9999 -9999
16 18 24 246 -9999 -9999 -9999 -9999 -9999 -9999 -9999 -9999 192 26 250 23 15 12 13 12 12 12 17 18 24 21 14 -9999 -9999 -9999 -9999 -9999 -9999 -9999 -9999 -9999 -9999 -9999 -9999 -9999 -9999 -9999 -9999 -9999 -9999 -9999 -9999 -9999 -9999 -9999 -9999 -9999 -9999 -9999 -9999 -9999 -9999 -9999 -9999 -9999 -9999 -9999 -9999 -9999 -9999 -9999 -9999 -9999 -9999 -9999 -9999 -9999 -9999 -9999 -9999 -9999 -9999 -9999 -9999 -9999 -9999 -9999 -9999 -9999 -9999 -9999 -9999 -9999 -9999 -9999 -9999 -9999 -9999 -9999 -9999 -9999
15 16 149 240 240 251 254 144 21 243 244 244 87 92 11 13 14 12 12 13 13 17 15 26 22 19 -9999 -9999 -9999 -9999 -9999 -9999 -9999 -9999 -9999 -9999 -9999 -9999 -9999 -9999 -9999 -9999 -9999 -9999 -9999 -9999 -9999 -9999 -9999 -9999 -9999 -9999 -9999 -9999 -9999 -9999 -9999 -9999 -9999 -9999 -9999 -9999 -9999 -9999 -9999 -9999 -9999 -9999 -9999 -9999 -9999 -9999 -9999 -9999 -9999 -9999 -9999 -9999 -9999 -9999 -9999 -9999 -9999 -9999 -9999 -9999 -9999 -9999 -9999 -9999 -9999 -9999 -9999 -9999 -9999 -9999
14 15 18 20 21 164 207 20 23 26 24 15 15 14 12 13 13 12 13 13 14 17 25 22 18 -9999 -9999 -9999 -9999 -9999 -9999 -9999 -9999 -9999 -9999 -9999 -9999 -9999 -9999 -9999 -9999 -9999 -9999 -9999 -9999 -9999 -9999 -9999 -9999 -9999 -9999 -9999 -9999 -9999 -9999 -9999 -9999 -9999 -9999 -9999 -9999 -9999 -9999 -9999 -9999 -9999 -9999 -9999 -9999 -9999 -9999 -9999 -9999 -9999 -9999 -9999 -9999 -9999 -9999 -9999 -9999 -9999 -9999 -9999 -9999 -9999 -9999 -9999 -9999 -9999 -9999 -9999 -9999 -9999 -9999 -9999
17 19 18 20 25 20 25 28 21 20 17 16 17 15 13 14 13 13 14 15 17 24 22 18 -9999 -9999 -9999 -9999 -9999 -9999 -9999 -9999 -9999 -9999 -9999 -9999 -9999 -9999 -9999 -9999 -9999 -9999 -9999 -9999 -9999 -9999 -9999 -9999 -9999 -9999 -9999 -9999 -9999 -9999 -9999 -9999 -9999 -9999 -9999 -9999 -9999 -9999 -9999 -9999 -9999 -9999 -9999 -9999 -9999 -9999 -9999 -9999 -9999 -9999 -9999 -9999 -9999 -9999 -9999 -9999 -9999 -9999 -9999 -9999 -9999 -9999 -9999 -9999 -9999 -9999 -9999 -9999 -9999 -9999 -9999 -9999
22 21 18 28 27 22 25 26 27 19 16 17 15 14 12 13 14 13 15 18 18 23 21 -9999 -9999 -9999 -9999 -9999 -9999 -9999 -9999 -9999 -9999 -9999 -9999 -9999 -9999 -9999 -9999 -9999 -9999 -9999 -9999 -9999 -9999 -9999 -9999 -9999 -9999 -9999 -9999 -9999 -9999 -9999 -9999 -9999 -9999 -9999 -9999 -9999 -9999 -9999 -9999 -9999 -9999 -9999 -9999 -9999 -9999 -9999 -9999 -9999 -9999 -9999 -9999 -9999 -9999 -9999 -9999 -9999 -9999 -9999 -9999 -9999 -9999 -9999 -9999 -9999 -9999 -9999 -9999 -9999 -9999 -9999 -9999 -9999
22 21 18 19 22 25 28 26 23 107 107 18 13 13 12 12 12 15 18 20 20 17 -9999 -9999 -9999 -9999 -9999 -9999 -9999 -9999 -9999 -9999 -9999 -9999 -9999 -9999 -9999 -9999 -9999 -9999 -9999 -9999 -9999 -9999 -9999 -9999 -9999 -9999 -9999 -9999 -9999 -9999 -9999 -9999 -9999 -9999 -9999 -9999 -9999 -9999 -9999 -9999 -9999 -9999 -9999 -9999 -9999 -9999 -9999 -9999 -9999 -9999 -9999 -9999 -9999 -9999 -9999 -9999 -9999 -9999 -9999 -9999 -9999 -9999 -9999 -9999 -9999 -9999 -9999 -9999 -9999 -9999 -9999 -9999 -9999 -9999
21 21 20 21 19 22 21 17 14 145 146 21 12 11 11 12 13 16 22 20 16 -9999 -9999 -9999 -9999 -9999 -9999 -9999 -9999 -9999 -9999 -9999 -9999 -9999 -9999 -9999 -9999 -9999 -9999 -9999 -9999 -9999 -9999 -9999 -9999 -9999 -9999 -9999 -9999 -9999 -9999 -9999 -9999 -9999 -9999 -9999 -9999 -9999 -9999 -9999 -9999 -9999 -9999 -9999 -9999 -9999 -9999 -9999 -9999 -9999 -9999 -9999 -9999 -9999 -9999 -9999 -9999 -9999 -9999 -9999 -9999 -9999 -9999 -9999 -9999 -9999 -9999 -9999 -9999 -9999 -9999 -9999 -9999 -9999 -9999 -9999
