data/grids/SOILSAND.asc
NCOLS 822 
NROWS 563 
XLLCORNER -58000 
YLLCORNER 5661000 
CELLSIZE 1000 
NODATA_value -9999 
[rows 315 to 359 of 563, columns 576 to 671 of 822]
69 67 61 60 59 60 57 58 57 57 60 60 59 60 60 63 61 58 57 56 57 59 61 62 64 70 70 65 60 58 62 62 60 56 53 50 53 52 50 48 56 60 58 56 53 47 55 60 59 64 63 61 60 54 61 62 59 56 55 55 55 59 61 63 65 55 55 55 57 53 52 53 53 54 57 57 61 60 60 59 62 63 65 61 64 63 55 53 55 55 57 58 58 52 50 47
67 69 65 64 66 64 55 55 55 57 58 58 59 59 59 60 61 63 62 61 60 62 63 65 69 69 67 66 65 64 64 62 58 57 52 52 52 55 55 49 54 57 55 55 53 48 50 58 59 62 61 59 58 51 60 60 58 54 55 57 56 57 56 58 57 56 57 57 57 54 54 53 52 57 53 51 59 59 60 63 62 66 67 65 70 62 59 55 57 56 58 61 63 55 50 50
64 68 66 68 67 66 63 57 55 55 56 57 56 57 60 60 60 60 64 65 64 66 63 65 71 65 64 64 65 65 64 62 59 58 54 52 52 54 52 48 51 52 54 56 52 49 48 52 59 62 60 60 60 56 59 57 57 56 57 58 62 59 60 60 57 55 56 55 54 55 55 54 54 52 48 52 56 59 61 62 59 61 63 67 71 62 55 52 53 57 57 58 56 53 52 54
59 65 65 64 60 60 62 58 59 59 57 58 60 57 57 58 60 60 61 63 64 63 61 67 68 63 64 62 61 64 64 61 61 57 53 51 50 55 51 48 49 50 53 53 51 49 48 48 55 64 62 59 61 59 56 53 55 56 58 61 64 60 63 60 56 56 56 55 55 58 56 57 54 51 57 58 57 58 58 60 61 64 66 67 69 62 61 56 56 59 61 59 52 50 47 46
57 61 62 62 58 58 60 61 64 65 61 59 61 62 59 58 60 62 57 55 56 56 62 71 65 63 63 62 64 64 59 52 56 57 53 49 50 54 51 48 50 49 52 49 48 47 54 52 55 62 62 58 56 58 56 55 55 57 58 63 63 63 63 58 57 56 56 58 57 58 57 53 53 55 59 57 57 57 58 58 62 64 66 65 63 62 61 58 58 58 58 59 53 45 44 45
57 63 56 58 61 62 62 61 60 61 61 59 58 62 59 57 59 62 59 60 61 61 60 60 62 61 63 63 65 60 50 48 47 56 54 47 49 51 48 48 49 51 51 50 48 54 59 55 55 56 62 59 57 59 55 58 59 59 63 65 65 65 59 54 57 56 58 59 57 55 56 54 55 56 58 60 61 58 58 59 64 63 62 58 63 59 59 59 61 60 60 57 50 43 44 44
52 51 51 48 48 55 60 52 55 60 61 64 62 66 64 64 62 59 65 65 61 64 64 60 61 63 61 62 57 53 56 48 48 50 52 48 51 53 51 48 47 50 52 51 49 58 56 55 57 60 66 66 62 63 57 59 60 62 61 64 67 61 56 58 60 58 59 58 57 54 54 55 54 55 59 62 65 65 66 66 62 61 59 59 62 63 61 62 60 59 60 58 52 47 48 47
54 53 52 52 50 53 57 49 53 59 59 59 61 62 65 67 65 62 63 62 63 63 65 61 63 64 63 59 57 55 47 47 58 57 57 49 46 49 47 44 47 50 51 52 52 55 55 59 63 66 63 61 65 64 55 56 59 61 59 65 64 58 60 62 59 59 57 54 52 56 59 59 58 60 68 69 71 70 65 66 62 56 58 59 57 63 62 61 59 57 60 59 55 54 52 49
58 62 58 61 53 52 59 58 57 54 54 59 61 62 63 62 64 65 61 60 61 61 57 59 60 63 61 55 54 53 47 52 56 56 57 50 51 52 52 47 49 49 54 54 49 50 54 62 59 55 55 58 64 62 61 60 65 61 61 67 64 63 57 58 59 61 56 53 52 56 58 58 62 69 68 66 65 61 60 61 63 61 60 60 58 58 60 59 60 56 59 58 50 53 52 52
57 60 62 64 59 51 57 58 57 58 55 48 57 59 63 63 64 65 66 65 61 60 56 57 56 62 56 51 55 55 51 58 54 59 56 51 49 48 51 54 50 51 52 52 52 55 57 57 51 55 56 55 62 60 67 66 64 60 59 67 65 59 62 61 58 56 57 55 56 57 54 57 59 62 61 61 61 59 59 59 59 63 62 59 59 57 62 61 61 57 57 57 47 47 50 54
57 60 59 64 66 53 55 56 57 58 50 48 54 64 63 64 62 65 63 67 64 63 55 53 50 58 54 50 54 52 50 58 57 59 57 49 50 48 48 54 55 57 54 51 55 56 54 52 58 63 58 57 65 69 67 66 60 61 66 61 62 63 62 57 49 55 54 58 57 56 54 54 60 55 60 56 53 54 56 57 60 58 59 59 57 59 59 61 61 59 59 58 51 48 49 50
58 59 58 63 64 53 57 58 58 60 53 50 56 61 63 61 59 64 63 66 66 67 63 53 45 54 52 49 53 51 51 51 55 60 58 48 49 49 48 48 53 57 53 51 55 55 55 56 54 58 59 60 67 69 58 58 63 65 62 60 64 64 60 50 54 53 47 50 49 46 46 53 59 57 57 53 55 59 55 56 57 60 62 60 58 57 57 63 61 57 58 57 54 52 52 48
62 60 59 62 65 50 57 58 58 60 58 55 54 58 60 59 56 63 64 66 69 68 67 52 49 52 53 54 54 55 51 49 54 62 56 48 49 50 49 47 53 57 53 51 52 54 53 53 52 59 61 61 62 69 61 58 67 62 58 57 61 62 55 55 52 50 48 48 49 56 58 58 55 58 53 53 55 53 56 60 58 58 53 56 59 60 59 61 59 56 60 57 50 47 47 50
61 61 58 60 68 57 56 58 60 60 60 61 58 60 62 61 60 64 63 68 69 65 63 54 56 55 58 55 55 57 55 52 55 62 52 47 46 48 48 45 52 56 51 49 47 49 50 52 52 58 61 61 60 62 61 56 65 63 61 54 56 58 58 54 53 52 52 54 57 57 56 56 54 54 49 52 52 55 54 55 54 52 57 58 61 58 58 58 59 55 57 57 52 45 44 40
61 60 60 58 64 64 61 60 61 60 60 62 63 67 64 62 59 57 57 64 63 60 60 55 54 53 55 54 55 55 59 59 60 64 55 49 48 49 47 46 50 55 52 47 45 48 49 53 51 55 57 61 59 55 60 54 63 64 59 57 53 58 61 55 58 57 58 58 58 56 56 56 54 52 52 53 54 53 52 50 50 53 55 55 58 59 61 62 56 55 57 56 50 37 38 38
62 60 56 61 59 66 65 61 60 57 59 60 62 63 61 61 59 55 57 59 59 58 63 58 54 51 52 51 53 57 52 60 66 58 54 53 54 52 48 47 50 55 54 46 44 47 47 49 51 59 58 62 58 56 59 56 61 64 59 60 53 53 59 58 63 62 61 62 62 62 61 60 58 54 61 62 61 62 58 62 61 55 52 54 61 57 64 64 52 55 55 52 38 38 36 35
52 52 54 58 61 61 67 64 63 62 57 59 64 62 61 64 64 64 59 59 58 57 65 61 55 55 54 57 54 53 56 56 56 53 54 55 55 53 52 47 49 53 52 47 44 45 45 48 55 59 61 61 59 53 52 55 62 64 59 54 53 57 62 62 61 60 61 55 61 60 60 61 61 60 61 61 60 60 61 60 61 63 58 59 66 65 64 61 54 56 56 53 46 44 42 43
52 54 54 60 60 59 63 67 66 65 57 58 62 64 62 63 66 64 61 58 58 54 58 63 60 59 60 55 55 53 50 53 54 52 51 53 57 55 52 50 50 51 50 48 43 44 46 50 52 55 59 64 59 56 51 54 59 63 64 57 55 62 61 60 54 56 61 54 56 60 60 62 60 58 59 57 57 61 61 62 62 64 64 63 69 67 65 61 57 55 58 55 53 54 50 52
51 49 55 56 59 58 61 59 63 67 65 60 60 55 60 61 65 60 57 59 58 55 56 59 61 63 61 59 54 54 53 52 50 53 53 53 54 54 53 50 52 46 47 48 42 43 43 45 48 50 53 61 62 59 55 50 57 60 63 62 63 67 59 59 47 54 54 60 57 61 61 60 59 58 58 58 58 62 62 62 63 64 67 70 66 68 67 61 57 55 56 53 48 51 48 52
52 57 53 55 58 58 59 59 61 67 68 61 61 58 61 60 60 60 61 61 59 60 57 56 48 49 55 57 59 56 61 59 54 54 53 53 52 53 55 53 52 51 47 46 43 44 45 45 46 51 54 56 62 62 54 47 50 51 60 63 65 65 58 58 55 53 51 53 57 62 60 59 59 60 59 60 60 62 62 62 65 63 66 69 65 69 68 64 55 55 56 51 43 45 44 51
50 54 58 51 51 51 51 54 63 64 68 63 61 62 61 59 59 60 59 59 60 59 62 59 57 51 50 54 54 49 52 53 49 47 51 53 53 53 54 51 49 56 53 49 47 46 46 47 49 53 52 52 55 60 54 45 45 46 53 59 62 65 57 59 59 55 49 50 60 61 61 60 59 60 59 60 61 62 61 62 66 68 68 68 64 69 67 66 54 54 55 50 46 48 46 50
50 50 55 57 48 50 51 59 61 62 69 65 58 60 60 59 59 59 63 62 60 60 60 61 60 53 55 51 56 56 54 53 49 49 51 54 56 55 51 53 55 57 62 58 55 53 53 53 56 54 53 50 57 58 51 44 45 48 62 61 59 55 49 56 59 49 49 49 52 60 60 59 60 62 61 61 57 57 55 56 63 68 66 67 65 68 65 61 53 54 56 51 44 42 41 47
53 54 56 59 49 51 55 59 58 59 62 67 57 58 59 60 59 59 61 61 59 59 59 58 58 57 53 53 54 57 58 51 49 49 49 59 57 52 53 52 54 54 51 57 51 56 53 49 56 53 49 52 53 58 58 49 45 50 60 62 54 47 50 50 39 43 50 50 53 62 61 61 63 63 61 55 53 53 52 55 60 65 66 69 68 62 63 57 53 55 55 54 46 35 36 45
52 58 57 59 56 52 57 59 58 61 60 68 60 57 58 59 60 60 58 57 57 58 57 57 57 58 52 53 54 56 54 50 50 51 53 56 57 55 57 55 55 58 53 51 52 50 48 47 47 48 50 50 53 55 56 49 48 56 61 58 54 48 50 50 51 45 52 40 57 55 64 63 64 55 53 51 52 52 55 57 60 61 68 68 56 63 61 56 55 55 54 55 48 40 38 43
52 54 58 58 63 56 54 60 60 61 61 68 63 58 57 59 59 59 58 58 58 59 58 58 58 58 55 54 54 50 48 47 49 53 54 50 58 60 61 57 57 54 52 48 48 49 46 49 51 55 56 53 52 51 53 50 53 57 57 59 58 46 51 51 51 48 40 52 50 57 49 51 55 53 52 54 54 55 57 61 58 58 59 52 63 63 57 56 55 56 55 55 45 38 41 39
53 56 58 56 61 58 54 56 59 60 63 66 62 59 57 60 60 58 58 58 58 58 58 57 56 59 61 53 51 48 49 48 50 54 56 53 57 60 63 56 55 57 56 54 53 51 48 54 58 57 53 53 53 53 53 51 53 56 54 56 60 50 49 51 51 53 53 52 54 52 44 43 48 53 54 56 54 53 60 57 55 60 52 50 68 65 58 61 58 55 56 55 48 46 42 44
50 58 58 57 61 56 52 53 59 60 62 66 62 61 59 60 59 59 57 57 57 54 56 55 57 61 63 56 50 51 49 47 53 55 57 57 54 55 56 54 52 56 57 57 56 51 52 54 59 54 53 51 51 49 49 49 52 53 53 54 55 51 49 50 50 51 51 48 50 51 44 43 48 46 54 54 54 54 62 59 58 57 55 61 65 64 58 57 57 56 57 54 47 41 40 43
50 57 59 58 63 61 54 53 59 61 60 66 63 61 60 59 58 57 56 55 57 55 56 56 58 61 62 59 56 53 50 49 53 53 52 56 55 52 53 57 55 55 54 58 56 51 52 52 57 56 54 50 52 49 47 48 52 49 48 52 54 48 50 51 49 48 48 51 51 51 46 43 43 43 48 55 55 55 58 60 59 60 63 67 64 64 60 57 55 57 58 57 49 45 37 40
53 55 59 58 62 64 58 51 55 59 59 64 64 62 61 59 59 61 58 56 58 57 57 58 59 60 56 58 57 53 53 52 55 53 54 46 53 56 52 55 57 57 53 55 55 50 52 54 57 55 53 51 51 50 48 49 55 53 50 49 53 50 48 49 45 45 48 50 51 49 46 44 44 45 47 56 56 56 55 58 58 57 61 64 65 63 67 66 56 57 57 52 49 44 42 51
54 53 54 61 56 66 59 57 59 58 61 63 62 64 62 59 58 60 59 57 58 56 58 60 58 54 57 55 59 57 51 51 51 50 54 52 49 58 55 55 53 55 54 52 53 50 53 55 58 55 51 51 51 49 49 50 54 53 50 46 49 48 47 47 46 47 52 54 52 46 44 46 49 48 52 55 55 56 52 56 59 59 60 58 69 64 63 68 57 56 57 51 48 43 43 50
53 51 54 60 57 65 65 65 66 62 58 61 61 62 62 57 59 56 56 54 56 60 57 56 57 57 58 57 57 55 48 48 50 53 52 53 52 56 57 54 53 52 57 53 49 51 56 54 58 55 50 51 54 50 49 51 50 51 51 49 49 54 53 49 48 50 54 57 54 51 49 53 54 51 54 56 54 57 54 54 57 59 60 58 68 65 62 69 58 57 57 50 42 41 40 50
54 56 55 59 61 60 64 59 57 60 62 58 61 65 58 54 56 54 53 53 56 55 58 56 57 58 58 58 56 57 56 50 53 56 56 56 56 51 56 57 59 56 55 55 51 50 55 53 55 52 48 51 52 52 50 52 51 53 52 50 53 55 57 54 48 51 54 55 53 55 52 51 51 52 58 59 55 54 56 55 55 58 59 60 64 66 63 68 62 56 55 48 41 42 41 45
56 56 58 57 60 58 58 60 59 57 56 59 63 59 55 53 55 55 54 52 53 55 57 57 59 57 55 58 56 55 55 54 51 51 52 54 53 55 54 55 61 60 59 52 49 51 55 55 54 50 52 56 51 50 51 54 50 52 53 51 54 52 52 57 51 51 53 54 51 50 50 49 46 49 55 58 59 54 55 55 54 58 58 59 60 67 65 65 60 57 50 46 38 39 38 38
58 55 58 56 61 57 61 59 57 59 59 61 60 54 54 57 54 56 56 55 55 55 55 56 58 57 56 56 56 54 55 57 52 56 60 60 59 56 54 54 55 54 48 53 51 49 51 55 52 49 54 57 52 50 51 53 47 52 52 56 52 49 48 53 56 45 46 47 50 50 50 51 50 55 57 55 60 53 52 54 54 55 53 57 61 66 66 63 57 54 48 45 39 39 41 42
57 57 59 60 59 58 61 64 56 55 57 56 53 55 56 57 55 54 58 59 58 55 54 57 60 58 56 56 54 54 56 58 54 59 62 59 62 60 57 59 62 53 49 51 55 53 48 50 55 52 53 55 58 52 53 49 44 47 49 50 51 53 48 46 50 43 42 44 49 45 45 47 55 54 57 56 60 54 51 53 52 53 47 55 59 63 67 62 57 51 49 44 39 44 48 50
54 54 54 57 57 57 60 66 60 54 52 52 52 54 53 54 54 54 56 56 58 56 55 57 59 57 56 55 55 56 57 58 66 62 61 57 61 61 62 58 53 52 54 54 55 53 51 45 55 53 53 54 54 57 54 51 47 46 50 50 54 52 51 49 52 48 52 49 49 48 47 47 48 55 57 56 60 57 52 50 49 53 46 54 56 58 63 59 50 48 47 42 44 47 49 52
49 49 50 52 57 57 60 64 60 56 54 55 53 49 48 48 53 52 55 55 56 59 56 54 54 56 55 56 56 56 58 56 60 64 58 55 59 58 58 58 54 53 57 60 55 54 52 53 52 53 55 56 52 52 51 49 49 46 48 52 49 54 52 50 52 51 52 52 49 49 50 49 48 57 55 55 56 58 54 50 50 55 53 52 55 54 56 58 48 50 46 42 45 46 49 50
43 46 48 47 51 55 57 63 62 57 55 56 52 45 45 48 48 51 54 55 57 57 55 54 54 54 53 55 53 55 59 56 57 62 59 53 53 53 57 60 59 57 60 60 55 54 53 52 51 54 54 54 52 54 52 51 50 48 49 49 51 55 51 50 49 48 49 48 49 48 49 48 50 56 55 56 54 56 55 53 52 54 54 48 48 52 59 54 46 50 47 44 48 47 51 49
41 44 47 46 46 51 51 53 64 61 49 51 50 51 48 50 48 52 56 57 57 58 53 53 56 55 53 53 51 55 58 56 58 59 61 56 52 53 58 57 56 60 59 58 58 55 52 48 51 52 54 55 56 54 51 50 50 52 51 47 49 52 52 51 50 50 52 52 49 48 51 53 57 56 55 54 55 56 57 52 52 53 54 48 47 52 60 53 46 48 45 42 44 45 50 50
43 42 45 46 47 49 51 50 56 58 46 50 48 51 52 52 48 50 56 59 57 62 54 54 56 58 54 54 52 54 56 56 56 57 59 57 53 52 52 51 50 55 57 57 59 58 53 52 52 55 54 55 55 57 54 50 50 49 50 48 51 53 53 52 52 47 47 55 54 54 54 53 58 57 56 55 55 58 57 52 51 47 48 47 49 48 53 48 46 47 46 44 48 46 50 51
45 44 44 44 48 46 49 52 51 55 45 47 46 49 52 51 51 49 54 59 57 61 58 55 54 57 56 55 54 54 53 54 54 54 56 57 51 54 52 50 47 51 57 55 56 59 58 56 52 54 54 55 58 56 56 53 50 49 48 52 55 54 52 51 49 47 48 55 55 56 55 55 60 57 55 56 56 58 55 51 47 48 49 44 50 47 51 47 47 51 49 46 49 49 48 48
44 48 50 48 46 46 47 52 49 52 47 48 47 48 52 46 50 50 56 60 57 59 58 57 53 53 55 58 56 54 55 54 53 55 54 56 52 52 52 50 47 48 54 56 56 56 56 55 52 52 52 53 58 55 56 54 50 50 48 51 54 52 52 52 50 48 52 55 56 56 56 57 59 57 56 56 58 58 53 47 47 49 48 45 48 47 50 48 50 49 48 46 47 49 50 50
46 46 47 45 46 45 46 51 49 58 46 46 46 50 53 50 54 51 59 58 57 60 57 60 54 56 56 53 55 54 54 53 53 53 52 53 50 48 47 47 47 46 48 49 50 51 50 54 52 50 52 54 53 53 54 50 48 49 50 50 51 52 52 52 50 48 55 56 56 56 57 59 57 57 55 56 58 56 50 46 46 48 47 47 50 50 49 46 50 46 43 40 48 50 48 51
45 47 45 45 45 43 45 49 51 57 45 49 52 52 51 53 52 51 64 56 55 56 56 59 56 53 52 52 54 54 52 54 55 55 53 50 47 46 46 45 44 48 46 47 47 48 48 54 53 50 53 53 55 49 51 49 49 49 51 48 52 51 51 51 50 48 56 56 56 57 57 59 58 58 56 57 56 53 50 49 46 48 47 47 52 52 46 46 49 44 43 46 48 50 48 48
46 45 47 49 44 46 46 49 52 54 46 48 50 48 50 54 52 54 61 58 58 59 57 56 60 58 56 59 55 54 49 54 51 54 56 55 50 43 45 45 46 48 45 48 48 47 47 54 55 51 53 53 53 51 53 46 49 49 50 47 50 53 52 52 49 47 56 58 57 56 58 59 57 56 58 57 54 52 49 51 45 48 46 47 51 53 48 46 49 46 45 48 49 49 49 48
