data/grids/SOILSAND.asc
NCOLS 822 
NROWS 563 
XLLCORNER -58000 
YLLCORNER 5661000 
CELLSIZE 1000 
NODATA_value -9999 
[rows 360 to 404 of 563, columns 0 to 95 of 822]
-9999 -9999 -9999 -9999 -9999 -9999 -9999 -9999 -9999 -9999 -9999 -9999 -9999 -9999 -9999 -9999 -9999 -9999 -9999 -9999 -9999 -9999 -9999 82 83 84 82 82 82 79 80 82 82 81 76 77 79 82 83 83 84 87 87 79 48 41 46 49 49 49 49 45 49 47 43 39 38 44 51 52 52 41 44 44 47 43 43 43 56 69 71 75 73 69 68 69 68 67 69 67 69 69 68 68 70 70 68 64 65 66 41 44 42 40 40 41
-9999 -9999 -9999 -9999 -9999 -9999 -9999 -9999 -9999 -9999 -9999 -9999 -9999 -9999 -9999 -9999 -9999 -9999 -9999 -9999 -9999 -9999 -9999 82 84 83 83 83 82 82 81 82 83 82 78 78 79 81 84 84 86 87 84 57 47 44 44 43 46 47 47 47 46 46 41 39 44 46 50 51 48 41 45 44 46 46 46 44 68 70 71 70 67 67 70 68 69 69 68 68 67 65 66 66 67 70 67 66 69 49 43 43 45 45 42 43
-9999 -9999 -9999 -9999 -9999 -9999 -9999 -9999 -9999 -9999 -9999 -9999 -9999 -9999 -9999 -9999 -9999 -9999 -9999 -9999 -9999 -9999 -9999 77 83 84 84 84 84 83 83 81 81 80 79 79 78 82 85 82 85 87 70 53 47 43 43 44 44 44 46 48 45 45 50 51 49 49 49 45 44 42 41 42 41 44 46 43 71 73 73 72 69 68 66 66 69 69 68 68 66 67 67 66 67 67 68 68 69 54 47 52 56 57 55 57
-9999 -9999 -9999 -9999 -9999 -9999 -9999 -9999 -9999 -9999 -9999 -9999 -9999 -9999 -9999 -9999 -9999 -9999 -9999 -9999 -9999 -9999 -9999 74 77 84 85 85 84 84 84 81 79 79 80 82 77 81 84 84 84 85 55 53 51 45 42 44 42 42 44 47 50 46 51 52 52 52 51 46 44 42 40 42 39 43 41 44 46 59 65 69 73 70 67 68 69 67 67 66 67 67 70 67 66 66 69 67 65 65 65 69 70 69 67 68
-9999 -9999 -9999 -9999 -9999 -9999 -9999 -9999 -9999 -9999 -9999 -9999 -9999 -9999 -9999 -9999 -9999 -9999 -9999 -9999 -9999 -9999 -9999 76 77 82 83 84 84 85 85 82 81 81 81 80 78 82 83 84 85 76 54 53 54 51 45 45 43 42 51 47 50 51 51 53 54 52 52 48 43 40 40 39 43 45 44 45 47 45 43 50 63 59 55 65 69 69 68 67 71 67 70 66 62 62 66 67 62 63 62 68 69 68 68 70
-9999 -9999 -9999 -9999 -9999 -9999 -9999 -9999 -9999 -9999 -9999 -9999 -9999 -9999 -9999 -9999 -9999 -9999 -9999 -9999 -9999 -9999 -9999 71 76 80 83 84 83 83 82 81 80 79 79 81 76 77 81 84 85 63 55 54 54 54 48 45 47 49 48 47 49 49 51 51 53 52 49 44 41 39 37 38 44 47 45 45 45 43 44 45 45 44 43 50 50 68 67 70 67 74 73 69 64 61 64 65 62 64 64 66 68 66 71 69
-9999 -9999 -9999 -9999 -9999 -9999 -9999 -9999 -9999 -9999 -9999 -9999 -9999 -9999 -9999 -9999 -9999 -9999 -9999 -9999 -9999 -9999 -9999 71 71 78 80 83 83 82 82 80 79 79 80 80 77 76 77 82 83 64 54 54 54 53 50 45 46 46 44 46 49 50 49 48 50 52 49 39 39 38 38 39 44 46 45 44 46 44 43 44 44 45 45 46 40 49 66 65 63 64 66 62 63 61 64 64 62 67 67 69 67 69 73 70
-9999 -9999 -9999 -9999 -9999 -9999 -9999 -9999 -9999 -9999 -9999 -9999 -9999 -9999 -9999 -9999 -9999 -9999 -9999 -9999 -9999 -9999 -9999 77 72 74 77 83 84 83 81 81 79 81 81 80 80 79 75 78 81 65 52 50 50 50 43 43 47 46 49 50 49 49 51 49 50 49 48 43 43 38 40 38 45 45 44 44 44 44 42 42 43 45 45 44 41 42 71 69 64 65 65 62 63 62 62 62 65 69 70 73 70 70 72 71
-9999 -9999 -9999 -9999 -9999 -9999 -9999 -9999 -9999 -9999 -9999 -9999 -9999 -9999 -9999 -9999 -9999 -9999 -9999 -9999 -9999 -9999 -9999 -9999 78 78 76 80 82 83 82 81 81 80 82 82 82 81 76 76 81 67 49 51 48 45 45 42 38 47 50 51 50 50 50 50 51 50 49 46 47 47 42 46 48 48 47 45 44 45 43 42 42 45 46 43 43 63 67 68 64 68 68 64 65 64 63 64 65 69 70 70 68 69 72 69
-9999 -9999 -9999 -9999 -9999 -9999 -9999 -9999 -9999 -9999 -9999 -9999 -9999 -9999 -9999 -9999 -9999 -9999 -9999 -9999 -9999 -9999 -9999 -9999 82 80 77 79 82 82 82 80 81 81 82 82 80 82 81 80 83 68 48 44 45 43 41 39 40 50 50 49 50 49 50 49 49 49 49 49 49 48 46 47 48 49 50 58 56 59 62 62 63 64 68 66 70 64 65 65 65 68 67 67 66 67 66 67 65 65 67 67 70 68 69 69
-9999 -9999 -9999 -9999 -9999 -9999 -9999 -9999 -9999 -9999 -9999 -9999 -9999 -9999 -9999 -9999 -9999 -9999 -9999 -9999 -9999 -9999 -9999 -9999 82 78 79 78 81 82 81 79 80 80 82 82 80 81 80 81 82 71 49 50 46 43 40 38 38 48 50 49 50 49 49 51 50 49 49 49 46 46 49 48 47 58 61 73 70 68 72 74 72 72 71 70 71 63 62 66 65 67 68 68 67 67 67 69 67 71 68 66 71 74 71 70
-9999 -9999 -9999 -9999 -9999 -9999 -9999 -9999 -9999 -9999 -9999 -9999 -9999 -9999 -9999 -9999 -9999 -9999 -9999 -9999 -9999 -9999 -9999 -9999 81 80 81 79 80 76 81 80 80 81 82 82 80 80 81 81 81 74 49 49 49 49 47 48 49 50 50 50 51 50 50 49 49 46 48 48 48 48 49 57 58 70 70 74 73 70 71 71 69 70 71 67 65 64 65 68 64 68 71 69 69 69 70 69 69 69 69 67 74 73 74 73
-9999 -9999 -9999 -9999 -9999 -9999 -9999 -9999 -9999 -9999 -9999 -9999 -9999 -9999 -9999 -9999 -9999 -9999 -9999 -9999 -9999 -9999 -9999 -9999 81 77 78 78 79 78 78 80 80 80 81 84 83 81 83 83 81 80 65 49 48 49 52 55 53 51 50 49 50 49 49 49 49 49 48 48 47 47 52 71 71 69 68 72 73 71 70 68 65 68 66 69 64 64 66 66 65 66 70 70 70 68 69 69 66 64 66 67 69 70 71 71
-9999 -9999 -9999 -9999 -9999 -9999 -9999 -9999 -9999 -9999 -9999 -9999 -9999 -9999 -9999 -9999 -9999 -9999 -9999 -9999 -9999 -9999 -9999 -9999 77 78 83 83 80 78 80 81 78 77 81 84 85 84 83 83 80 80 68 48 41 43 49 49 50 52 51 49 50 49 48 47 49 50 49 47 46 47 64 73 70 69 70 71 70 69 70 70 64 67 70 68 66 65 64 64 66 67 67 69 67 66 69 65 68 67 67 66 67 67 67 69
-9999 -9999 -9999 -9999 -9999 -9999 -9999 -9999 -9999 -9999 -9999 -9999 -9999 -9999 -9999 -9999 -9999 -9999 -9999 -9999 -9999 -9999 -9999 -9999 83 83 82 85 85 81 80 78 76 74 75 83 84 84 85 84 82 82 74 54 39 43 46 44 46 48 51 51 51 49 49 48 48 49 50 49 47 47 68 69 67 71 70 68 66 69 73 70 66 65 67 64 60 66 69 67 66 69 67 67 66 66 67 69 65 67 68 64 65 64 66 68
-9999 -9999 -9999 -9999 -9999 -9999 -9999 -9999 -9999 -9999 -9999 -9999 -9999 -9999 -9999 -9999 -9999 -9999 -9999 -9999 -9999 -9999 -9999 -9999 83 82 82 81 82 80 78 77 77 76 73 78 81 84 84 83 85 84 81 74 54 37 41 43 46 48 46 49 49 49 47 49 46 50 49 49 47 43 66 69 68 71 69 68 68 67 65 68 65 67 66 63 61 67 69 65 65 66 66 67 70 69 67 67 66 67 68 64 65 65 66 67
-9999 -9999 -9999 -9999 -9999 -9999 -9999 -9999 -9999 -9999 -9999 -9999 -9999 -9999 -9999 -9999 -9999 -9999 -9999 -9999 -9999 -9999 -9999 -9999 81 78 80 79 79 79 80 77 78 77 77 80 83 85 85 84 85 85 82 80 80 53 39 34 41 43 39 46 48 50 50 49 47 52 50 47 42 39 50 68 71 69 55 45 44 46 65 68 67 70 70 65 65 67 68 69 69 67 68 65 65 68 69 67 68 69 69 65 65 68 68 68
-9999 -9999 -9999 -9999 -9999 -9999 -9999 -9999 -9999 -9999 -9999 -9999 -9999 -9999 -9999 -9999 -9999 -9999 -9999 -9999 -9999 -9999 -9999 -9999 84 80 81 81 82 81 81 79 79 76 77 78 85 83 82 83 83 82 82 83 82 73 41 38 43 39 43 42 46 42 49 48 47 48 49 45 42 43 43 46 43 42 41 45 48 44 64 65 65 70 68 67 67 69 72 72 72 69 71 71 73 67 67 64 68 70 71 66 65 71 70 67
-9999 -9999 -9999 -9999 -9999 -9999 -9999 -9999 -9999 -9999 -9999 -9999 -9999 -9999 -9999 -9999 -9999 -9999 -9999 -9999 -9999 -9999 -9999 -9999 84 84 83 83 83 83 81 80 78 78 77 81 82 82 85 85 82 81 83 84 82 80 64 45 46 45 45 44 39 36 45 46 46 47 48 46 46 45 42 36 41 38 38 41 45 55 62 62 63 66 66 68 67 66 70 72 70 72 74 74 70 66 67 65 66 69 70 66 65 68 66 64
-9999 -9999 -9999 -9999 -9999 -9999 -9999 -9999 -9999 -9999 -9999 -9999 -9999 -9999 -9999 -9999 -9999 -9999 -9999 -9999 -9999 -9999 -9999 -9999 84 84 83 82 83 84 83 83 83 80 80 80 83 79 82 85 82 81 82 85 83 83 83 60 49 44 41 36 37 38 40 45 46 45 45 46 46 39 44 40 39 40 40 42 44 66 61 58 62 65 64 67 65 64 67 70 75 72 69 66 65 67 69 65 68 69 69 66 64 64 64 68
-9999 -9999 -9999 -9999 -9999 -9999 -9999 -9999 -9999 -9999 -9999 -9999 -9999 -9999 -9999 -9999 -9999 -9999 -9999 -9999 -9999 -9999 -9999 -9999 78 83 83 82 82 82 83 84 83 85 86 84 83 85 80 83 83 82 82 84 84 84 84 79 49 38 40 37 38 39 40 41 43 43 38 36 40 44 44 38 41 41 40 39 41 66 64 61 66 68 66 63 63 64 66 64 70 69 68 69 70 68 69 67 65 68 68 65 67 67 68 71
-9999 -9999 -9999 -9999 -9999 -9999 -9999 -9999 -9999 -9999 -9999 -9999 -9999 -9999 -9999 -9999 -9999 -9999 -9999 -9999 -9999 -9999 -9999 -9999 61 80 83 83 83 82 83 81 86 86 84 86 85 85 83 82 82 84 82 82 82 84 76 80 79 44 40 36 38 40 39 39 42 41 37 41 41 40 41 38 40 42 40 39 41 55 61 68 67 68 68 66 64 67 68 67 72 71 72 71 65 64 70 70 66 64 50 49 46 46 48 66
-9999 -9999 -9999 -9999 -9999 -9999 -9999 -9999 -9999 -9999 -9999 -9999 -9999 -9999 -9999 -9999 -9999 -9999 -9999 -9999 -9999 -9999 -9999 -9999 52 57 62 82 82 82 82 84 84 86 86 85 86 82 83 83 82 83 84 81 84 83 82 79 78 73 46 35 39 40 36 35 37 40 40 36 35 35 39 40 40 39 39 39 40 40 45 49 53 68 68 70 67 69 68 70 70 67 67 66 64 63 53 52 49 47 43 45 46 44 46 47
-9999 -9999 -9999 -9999 -9999 -9999 -9999 -9999 -9999 -9999 -9999 -9999 -9999 -9999 -9999 -9999 -9999 -9999 -9999 -9999 -9999 -9999 -9999 -9999 -9999 46 48 65 82 82 83 85 85 86 86 86 85 83 82 84 83 82 83 84 80 81 78 73 72 74 64 42 41 42 38 36 36 40 38 41 41 39 37 40 40 37 34 36 40 37 41 44 44 58 70 69 68 69 70 69 66 69 67 66 59 49 40 41 40 42 43 40 46 43 40 46
-9999 -9999 -9999 -9999 -9999 -9999 -9999 -9999 -9999 -9999 -9999 -9999 -9999 -9999 -9999 -9999 -9999 -9999 -9999 -9999 -9999 -9999 -9999 -9999 -9999 54 55 58 74 82 82 85 85 85 85 86 85 83 82 86 84 83 81 77 83 82 70 68 72 76 74 65 39 42 42 38 39 35 37 42 39 38 37 40 44 40 35 36 36 39 38 43 40 44 61 67 69 68 70 70 69 72 69 53 48 39 41 42 42 41 36 39 37 37 40 46
-9999 -9999 -9999 -9999 -9999 -9999 -9999 -9999 -9999 -9999 -9999 -9999 -9999 -9999 -9999 -9999 -9999 -9999 -9999 -9999 -9999 -9999 -9999 -9999 -9999 52 47 47 69 82 83 84 83 84 84 84 82 82 81 84 85 84 84 83 83 81 75 73 76 77 79 76 66 44 42 39 39 36 37 41 36 35 40 40 43 40 39 41 41 41 40 40 42 49 68 69 67 66 71 71 74 67 59 43 42 40 41 35 37 36 37 41 42 40 36 43
-9999 -9999 -9999 -9999 -9999 -9999 -9999 -9999 -9999 -9999 -9999 -9999 -9999 -9999 -9999 -9999 -9999 -9999 -9999 -9999 -9999 -9999 -9999 -9999 -9999 54 48 56 54 72 83 83 82 83 84 84 82 80 84 86 84 82 82 84 85 81 81 80 83 81 80 78 79 44 39 38 37 38 37 39 37 36 39 38 43 40 39 38 41 37 38 41 64 70 72 72 70 65 69 70 72 50 45 38 42 41 38 38 36 35 36 42 42 42 38 38
-9999 -9999 -9999 -9999 -9999 -9999 -9999 -9999 -9999 -9999 -9999 -9999 -9999 -9999 -9999 -9999 -9999 -9999 -9999 -9999 -9999 -9999 -9999 -9999 -9999 59 60 55 56 54 72 83 84 83 83 85 84 79 79 83 83 80 82 85 84 80 80 82 85 83 81 80 80 74 41 36 37 38 39 38 38 37 37 37 40 38 39 43 39 40 44 67 69 71 72 73 73 68 69 69 61 41 43 36 46 38 39 39 37 36 37 38 41 40 39 38
-9999 -9999 -9999 -9999 -9999 -9999 -9999 -9999 -9999 -9999 -9999 -9999 -9999 -9999 -9999 -9999 -9999 -9999 -9999 -9999 -9999 -9999 -9999 -9999 -9999 59 60 60 57 54 55 74 83 82 82 84 84 84 85 83 81 81 84 85 84 82 79 83 83 81 80 81 82 81 64 39 36 36 37 40 41 38 38 38 37 38 41 44 45 39 64 68 70 70 69 70 68 68 68 66 49 40 44 37 40 36 39 41 38 38 37 38 42 38 42 39
-9999 -9999 -9999 -9999 -9999 -9999 -9999 -9999 -9999 -9999 -9999 -9999 -9999 -9999 -9999 -9999 -9999 -9999 -9999 -9999 -9999 -9999 -9999 -9999 -9999 51 56 56 60 57 56 59 76 81 82 82 82 81 80 80 80 81 82 84 83 83 83 83 83 82 81 82 82 82 81 54 37 35 36 38 38 37 39 39 40 43 40 38 41 38 62 65 68 71 67 68 69 66 64 51 43 39 40 39 37 35 37 36 37 37 37 41 42 38 41 39
-9999 -9999 -9999 -9999 -9999 -9999 -9999 -9999 -9999 -9999 -9999 -9999 -9999 -9999 -9999 -9999 -9999 -9999 -9999 -9999 -9999 -9999 -9999 -9999 -9999 43 51 59 65 61 56 55 60 80 83 82 81 82 82 84 82 83 82 81 82 82 85 84 83 81 80 82 82 82 82 66 38 34 35 36 39 41 38 42 40 41 42 37 38 38 59 63 65 68 64 64 64 63 48 43 37 36 36 38 35 36 36 40 37 37 39 44 40 40 45 60
-9999 -9999 -9999 -9999 -9999 -9999 -9999 -9999 -9999 -9999 -9999 -9999 -9999 -9999 -9999 -9999 -9999 -9999 -9999 -9999 -9999 -9999 -9999 -9999 -9999 43 46 55 55 59 58 58 57 60 81 81 81 81 80 82 82 81 81 81 82 82 86 85 81 80 78 79 82 81 80 79 53 35 36 37 38 40 41 39 40 38 38 40 40 40 49 63 65 65 62 62 62 42 37 38 33 35 36 37 36 36 36 38 34 36 37 41 40 41 62 68
-9999 -9999 -9999 -9999 -9999 -9999 -9999 -9999 -9999 -9999 -9999 -9999 -9999 -9999 -9999 -9999 -9999 -9999 -9999 -9999 -9999 -9999 -9999 -9999 -9999 45 44 44 43 49 50 55 57 53 55 80 80 83 81 81 81 80 78 81 82 83 83 82 80 78 74 79 79 76 76 76 72 32 37 36 34 38 42 38 37 39 38 38 38 38 38 53 51 49 47 46 45 36 38 37 35 30 34 34 35 35 37 40 33 36 39 39 48 59 64 66
-9999 -9999 -9999 -9999 -9999 -9999 -9999 -9999 -9999 -9999 -9999 -9999 -9999 -9999 -9999 -9999 -9999 -9999 -9999 -9999 -9999 -9999 -9999 -9999 -9999 48 42 42 42 43 46 49 46 49 55 61 79 83 82 82 82 80 77 79 81 85 86 84 83 81 76 77 77 75 75 75 76 53 34 35 35 37 43 34 37 36 37 39 37 37 38 38 38 39 37 38 38 39 37 36 35 34 36 37 34 36 40 41 41 38 40 37 62 63 67 64
-9999 -9999 -9999 -9999 -9999 -9999 -9999 -9999 -9999 -9999 -9999 -9999 -9999 -9999 -9999 -9999 -9999 -9999 -9999 -9999 -9999 -9999 -9999 -9999 -9999 52 44 41 40 43 41 44 46 49 53 54 67 83 82 81 82 80 79 77 79 83 84 85 86 83 79 76 78 76 77 75 73 73 34 35 36 38 41 33 36 36 38 40 37 38 38 37 37 39 37 39 38 37 37 35 35 34 36 39 36 36 39 41 43 42 41 37 62 65 65 68
-9999 -9999 -9999 -9999 -9999 -9999 -9999 -9999 -9999 -9999 -9999 -9999 -9999 -9999 -9999 -9999 -9999 -9999 -9999 -9999 -9999 -9999 -9999 -9999 -9999 55 54 48 44 46 45 45 44 52 54 52 55 66 81 82 82 81 80 78 79 83 86 84 84 84 82 77 79 76 77 75 71 74 42 40 35 36 38 31 33 35 39 40 39 38 38 37 37 37 38 41 39 38 41 38 36 36 37 37 37 37 37 39 43 40 38 58 64 67 64 64
-9999 -9999 -9999 -9999 -9999 -9999 -9999 -9999 -9999 -9999 -9999 -9999 -9999 -9999 -9999 -9999 -9999 -9999 -9999 -9999 -9999 -9999 -9999 -9999 -9999 52 54 49 47 45 46 50 44 45 45 48 47 53 68 80 82 83 82 83 84 82 83 85 85 85 83 81 81 79 78 79 77 77 72 42 40 38 36 33 34 36 35 39 39 39 38 37 37 37 41 43 39 38 39 38 35 35 37 39 40 39 38 38 39 41 37 58 63 62 65 64
-9999 -9999 -9999 -9999 -9999 -9999 -9999 -9999 -9999 -9999 -9999 -9999 -9999 -9999 -9999 -9999 -9999 -9999 -9999 -9999 -9999 -9999 -9999 -9999 -9999 51 44 46 45 44 41 44 46 47 46 50 48 49 55 71 84 84 83 84 84 82 85 87 86 86 84 83 82 82 81 78 77 77 69 36 37 38 36 38 35 35 34 36 37 38 38 36 35 37 40 38 36 39 42 38 37 36 38 41 39 41 40 40 41 38 40 58 64 63 67 64
-9999 -9999 -9999 -9999 -9999 -9999 -9999 -9999 -9999 -9999 -9999 -9999 -9999 -9999 -9999 -9999 -9999 -9999 -9999 -9999 -9999 -9999 -9999 -9999 -9999 -9999 45 47 45 44 44 45 46 49 45 55 55 50 47 57 75 82 85 85 86 84 85 85 86 86 84 84 85 83 82 77 72 72 77 44 40 35 36 40 34 40 36 36 37 37 36 36 36 36 37 35 39 39 41 37 36 38 37 39 36 41 41 41 34 38 39 55 67 62 66 64
-9999 -9999 -9999 -9999 -9999 -9999 -9999 -9999 -9999 -9999 -9999 -9999 -9999 -9999 -9999 -9999 -9999 -9999 -9999 -9999 -9999 -9999 -9999 -9999 -9999 -9999 48 46 43 44 46 46 48 50 45 47 52 56 56 52 51 78 83 84 84 85 84 84 86 86 85 82 84 82 78 78 77 71 79 44 39 33 32 36 31 41 40 38 37 39 37 36 38 38 38 37 39 39 38 39 38 39 39 41 39 42 40 40 41 36 39 39 62 65 65 64
-9999 -9999 -9999 -9999 -9999 -9999 -9999 -9999 -9999 -9999 -9999 -9999 -9999 -9999 -9999 -9999 -9999 -9999 -9999 -9999 -9999 -9999 -9999 -9999 -9999 -9999 52 51 43 45 45 45 46 47 46 48 47 49 57 55 45 45 79 85 84 86 87 85 87 87 87 85 86 80 75 79 78 76 69 42 39 38 35 37 35 38 37 39 37 38 34 37 38 37 41 38 39 40 40 40 39 40 41 40 38 41 40 39 42 37 38 39 55 67 67 67
-9999 -9999 -9999 -9999 -9999 -9999 -9999 -9999 -9999 -9999 -9999 -9999 -9999 -9999 -9999 -9999 -9999 -9999 -9999 -9999 -9999 -9999 -9999 -9999 -9999 -9999 50 51 51 48 47 45 44 45 45 46 44 46 47 54 44 45 55 80 85 86 87 85 86 87 87 86 84 81 79 76 70 76 54 45 42 38 39 43 43 39 35 40 36 37 37 38 40 39 36 39 42 42 43 40 40 40 40 37 38 37 37 40 40 42 40 37 40 54 60 70
-9999 -9999 -9999 -9999 -9999 -9999 -9999 -9999 -9999 -9999 -9999 -9999 -9999 -9999 -9999 -9999 -9999 -9999 -9999 -9999 -9999 -9999 -9999 -9999 -9999 -9999 53 55 51 52 51 49 44 44 44 45 45 46 49 44 45 52 57 65 81 86 86 85 84 86 87 86 84 81 79 72 77 78 54 40 43 39 41 40 42 40 38 37 40 36 37 37 38 37 35 38 39 39 39 39 41 39 36 37 36 38 38 37 40 38 40 39 40 42 44 51
-9999 -9999 -9999 -9999 -9999 -9999 -9999 -9999 -9999 -9999 -9999 -9999 -9999 -9999 -9999 -9999 -9999 -9999 -9999 -9999 -9999 -9999 -9999 -9999 -9999 -9999 52 54 48 48 49 46 43 43 43 43 45 45 45 48 49 49 54 58 69 85 86 86 86 84 86 86 85 84 82 79 79 78 67 42 45 37 38 37 38 41 34 33 40 39 36 33 36 38 35 36 37 36 36 38 43 44 45 39 39 39 38 38 39 37 38 40 39 38 37 41
-9999 -9999 -9999 -9999 -9999 -9999 -9999 -9999 -9999 -9999 -9999 -9999 -9999 -9999 -9999 -9999 -9999 -9999 -9999 -9999 -9999 -9999 -9999 -9999 -9999 -9999 51 50 48 48 46 44 43 43 45 43 43 48 47 48 47 48 53 58 62 69 86 86 86 83 84 85 84 82 81 81 80 76 76 49 45 37 42 44 46 43 36 35 37 40 38 35 36 38 37 36 38 38 36 36 44 44 38 41 41 38 37 37 39 39 38 38 41 40 40 45
