data/grids/TEMPANRANGE.asc
NCOLS 822 
NROWS 563 
XLLCORNER -58000 
YLLCORNER 5661000 
CELLSIZE 1000 
NODATA_value -9999 
[rows 440 to 479 of 563, columns 534 to 622 of 822]
223 223 223 222 222 222 222 222 222 222 221 221 221 222 222 222 222 222 222 222 222 220 220 221 220 220 220 220 219 219 219 219 218 217 217 217 216 216 216 216 215 214 214 214 213 213 211 211 211 211 210 209 209 209 209 209 209 208 208 207 207 206 205 205 204 204 204 204 204 202 202 202 202 -9999 -9999 -9999 -9999 -9999 -9999 -9999 -9999 -9999 -9999 -9999 -9999 -9999 -9999 -9999 -9999
222 222 222 222 222 222 222 222 222 221 221 221 221 222 222 221 222 221 221 219 219 219 220 220 220 219 218 218 218 218 218 218 217 217 217 216 215 215 215 215 214 214 213 213 213 211 211 211 210 211 210 209 209 209 209 209 209 207 207 207 207 206 205 205 204 204 203 203 203 202 202 202 -9999 -9999 -9999 -9999 -9999 -9999 -9999 -9999 -9999 -9999 -9999 -9999 -9999 -9999 -9999 -9999 -9999
222 222 221 222 221 221 221 221 221 221 221 221 221 221 222 221 220 219 221 220 220 220 219 220 219 219 217 218 218 218 218 217 217 217 217 215 215 214 215 214 213 212 213 213 212 211 211 211 210 210 210 209 209 209 209 208 208 206 207 207 206 205 205 205 205 203 203 203 202 202 -9999 -9999 -9999 -9999 -9999 -9999 -9999 -9999 -9999 -9999 -9999 -9999 -9999 -9999 -9999 -9999 -9999 -9999 -9999
221 221 221 221 221 221 221 221 221 221 220 220 221 221 220 220 220 219 219 219 219 220 219 219 217 217 217 217 217 216 216 216 216 216 215 215 215 214 214 213 212 212 213 213 212 211 211 211 210 210 210 209 209 209 208 208 207 206 206 206 205 205 205 204 204 203 203 203 202 -9999 -9999 -9999 -9999 -9999 -9999 -9999 -9999 -9999 -9999 -9999 -9999 -9999 -9999 -9999 -9999 -9999 -9999 -9999 -9999
220 220 220 221 221 220 220 221 220 221 221 220 220 220 220 219 219 219 219 219 219 219 218 218 218 217 217 216 216 216 216 216 216 215 215 215 215 214 213 212 212 212 212 212 212 211 210 210 210 210 209 208 208 208 208 207 206 205 205 205 205 205 204 204 203 203 203 203 -9999 -9999 -9999 -9999 -9999 -9999 -9999 -9999 -9999 -9999 -9999 -9999 -9999 -9999 -9999 -9999 -9999 -9999 -9999 -9999 -9999
220 220 220 220 220 219 219 220 219 219 219 219 219 219 219 219 219 219 219 218 218 218 218 217 218 217 216 216 216 216 216 216 215 214 214 214 214 214 212 212 212 212 212 212 211 210 210 210 210 209 208 207 207 207 207 206 205 205 205 205 204 204 204 204 203 203 203 -9999 -9999 -9999 -9999 -9999 -9999 -9999 -9999 -9999 -9999 -9999 -9999 -9999 -9999 -9999 -9999 -9999 -9999 -9999 -9999 -9999 -9999
220 220 219 219 219 219 219 219 219 219 218 218 218 217 218 218 218 218 218 218 218 217 217 217 217 216 216 215 215 215 215 214 214 214 214 213 213 213 212 212 212 212 211 211 210 210 210 210 209 208 206 206 206 207 206 205 205 205 205 204 204 204 204 203 203 203 -9999 -9999 -9999 -9999 -9999 -9999 -9999 -9999 -9999 -9999 -9999 -9999 -9999 -9999 -9999 -9999 -9999 -9999 -9999 -9999 -9999 -9999 -9999
219 219 218 219 219 219 218 218 218 218 218 218 217 217 217 217 217 217 217 217 217 217 217 217 216 216 216 214 214 214 214 213 213 213 213 212 212 212 212 212 210 210 211 211 209 209 209 209 208 207 206 206 206 206 206 205 205 205 204 204 203 204 203 203 202 -9999 -9999 -9999 -9999 -9999 -9999 -9999 -9999 -9999 -9999 -9999 -9999 -9999 -9999 -9999 -9999 -9999 -9999 -9999 -9999 -9999 -9999 -9999 -9999
218 218 218 219 218 218 218 218 218 217 218 217 217 218 217 217 217 217 216 216 216 216 216 215 215 214 215 214 214 213 214 214 213 213 213 213 212 211 212 211 211 210 210 210 209 208 209 209 207 206 206 206 206 206 206 205 204 204 204 204 204 203 202 202 -9999 -9999 -9999 -9999 -9999 -9999 -9999 -9999 -9999 -9999 -9999 -9999 -9999 -9999 -9999 -9999 -9999 -9999 -9999 -9999 -9999 -9999 -9999 -9999 -9999
217 218 219 218 219 218 217 217 218 218 217 218 218 218 216 217 217 216 216 216 216 215 216 215 216 215 214 215 215 213 214 213 212 212 212 213 211 211 210 211 210 209 210 210 208 208 208 207 207 206 206 206 206 206 205 204 204 204 203 204 203 201 202 -9999 -9999 -9999 -9999 -9999 -9999 -9999 -9999 -9999 -9999 -9999 -9999 -9999 -9999 -9999 -9999 -9999 -9999 -9999 -9999 -9999 -9999 -9999 -9999 -9999 -9999
217 218 218 216 217 217 216 216 217 217 216 217 217 216 216 217 216 216 216 215 216 214 215 214 214 214 213 213 213 213 213 212 212 212 211 212 211 211 210 210 209 209 209 208 208 207 207 207 207 206 206 206 205 205 205 205 204 203 203 204 202 201 -9999 -9999 -9999 -9999 -9999 -9999 -9999 -9999 -9999 -9999 -9999 -9999 -9999 -9999 -9999 -9999 -9999 -9999 -9999 -9999 -9999 -9999 -9999 -9999 -9999 -9999 -9999
216 216 216 216 216 217 216 216 216 216 216 216 215 217 216 216 215 215 215 215 214 214 214 215 214 213 213 213 213 212 212 211 211 212 211 211 210 209 209 209 209 209 208 208 208 207 207 207 206 206 205 205 205 205 205 204 203 203 204 203 202 -9999 -9999 -9999 -9999 -9999 -9999 -9999 -9999 -9999 -9999 -9999 -9999 -9999 -9999 -9999 -9999 -9999 -9999 -9999 -9999 -9999 -9999 -9999 -9999 -9999 -9999 -9999 -9999
216 216 216 216 216 216 215 215 215 215 215 215 216 215 215 214 215 215 214 214 213 214 214 213 213 213 213 213 211 211 212 212 211 211 210 210 210 209 210 209 209 209 208 208 207 207 207 207 207 206 206 204 204 204 204 203 202 204 203 202 -9999 -9999 -9999 -9999 -9999 -9999 -9999 -9999 -9999 -9999 -9999 -9999 -9999 -9999 -9999 -9999 -9999 -9999 -9999 -9999 -9999 -9999 -9999 -9999 -9999 -9999 -9999 -9999 -9999
215 216 216 216 215 215 215 216 215 215 215 214 215 215 214 214 215 214 215 213 214 213 213 212 212 212 213 212 212 211 211 211 210 211 211 210 210 210 209 209 209 208 207 208 207 207 207 206 205 206 205 205 204 203 204 203 203 202 202 -9999 -9999 -9999 -9999 -9999 -9999 -9999 -9999 -9999 -9999 -9999 -9999 -9999 -9999 -9999 -9999 -9999 -9999 -9999 -9999 -9999 -9999 -9999 -9999 -9999 -9999 -9999 -9999 -9999 -9999
216 215 215 215 215 215 214 214 214 214 214 214 214 213 214 213 214 214 213 213 213 212 212 212 212 212 210 212 212 212 210 211 211 210 210 209 209 209 209 208 207 208 208 207 207 207 206 206 204 205 205 204 203 203 203 203 202 202 -9999 -9999 -9999 -9999 -9999 -9999 -9999 -9999 -9999 -9999 -9999 -9999 -9999 -9999 -9999 -9999 -9999 -9999 -9999 -9999 -9999 -9999 -9999 -9999 -9999 -9999 -9999 -9999 -9999 -9999 -9999
214 215 214 215 215 215 214 214 214 214 214 213 213 213 212 212 213 213 213 213 212 212 212 211 211 211 211 211 210 210 211 210 209 209 210 209 209 207 208 207 208 208 206 206 206 206 205 205 204 203 203 204 203 203 203 202 202 -9999 -9999 -9999 -9999 -9999 -9999 -9999 -9999 -9999 -9999 -9999 -9999 -9999 -9999 -9999 -9999 -9999 -9999 -9999 -9999 -9999 -9999 -9999 -9999 -9999 -9999 -9999 -9999 -9999 -9999 -9999 -9999
214 214 214 214 214 214 214 213 214 214 213 213 213 212 212 213 213 213 212 212 211 211 211 210 212 210 210 210 210 209 210 209 209 208 209 208 208 208 207 207 207 207 206 206 205 205 204 204 203 203 203 204 202 202 202 201 -9999 -9999 -9999 -9999 -9999 -9999 -9999 -9999 -9999 -9999 -9999 -9999 -9999 -9999 -9999 -9999 -9999 -9999 -9999 -9999 -9999 -9999 -9999 -9999 -9999 -9999 -9999 -9999 -9999 -9999 -9999 -9999 -9999
214 214 214 213 213 213 213 213 213 213 212 213 212 213 212 212 212 212 212 212 211 210 210 210 211 210 209 210 209 209 209 208 209 208 208 207 207 207 207 207 206 206 206 205 204 204 204 204 204 203 203 203 202 201 201 -9999 -9999 -9999 -9999 -9999 -9999 -9999 -9999 -9999 -9999 -9999 -9999 -9999 -9999 -9999 -9999 -9999 -9999 -9999 -9999 -9999 -9999 -9999 -9999 -9999 -9999 -9999 -9999 -9999 -9999 -9999 -9999 -9999 -9999
213 213 213 212 212 212 212 212 213 213 212 212 212 212 212 212 211 211 211 211 210 210 210 210 210 210 209 208 208 208 208 208 208 207 207 207 206 206 206 206 205 205 205 205 204 204 204 204 203 203 203 202 201 201 -9999 -9999 -9999 -9999 -9999 -9999 -9999 -9999 -9999 -9999 -9999 -9999 -9999 -9999 -9999 -9999 -9999 -9999 -9999 -9999 -9999 -9999 -9999 -9999 -9999 -9999 -9999 -9999 -9999 -9999 -9999 -9999 -9999 -9999 -9999
212 212 212 212 212 212 212 212 212 211 211 211 212 211 211 210 210 211 210 210 210 209 210 210 209 209 208 208 208 208 207 207 208 207 206 206 206 206 206 205 205 204 204 204 204 203 204 203 202 202 202 202 202 -9999 -9999 -9999 -9999 -9999 -9999 -9999 -9999 -9999 -9999 -9999 -9999 -9999 -9999 -9999 -9999 -9999 -9999 -9999 -9999 -9999 -9999 -9999 -9999 -9999 -9999 -9999 -9999 -9999 -9999 -9999 -9999 -9999 -9999 -9999 -9999
212 212 212 212 212 211 212 211 211 210 211 210 211 211 210 210 209 210 209 210 210 209 210 209 208 209 208 208 208 207 207 207 207 206 206 206 206 206 205 205 204 204 204 204 204 203 202 202 201 202 202 201 -9999 -9999 -9999 -9999 -9999 -9999 -9999 -9999 -9999 -9999 -9999 -9999 -9999 -9999 -9999 -9999 -9999 -9999 -9999 -9999 -9999 -9999 -9999 -9999 -9999 -9999 -9999 -9999 -9999 -9999 -9999 -9999 -9999 -9999 -9999 -9999 -9999
211 211 211 211 211 211 211 210 210 211 211 210 211 211 210 209 209 209 209 209 208 208 208 208 207 208 208 208 208 207 206 206 207 206 206 206 206 205 205 204 204 204 204 204 202 202 202 202 202 202 201 -9999 -9999 -9999 -9999 -9999 -9999 -9999 -9999 -9999 -9999 -9999 -9999 -9999 -9999 -9999 -9999 -9999 -9999 -9999 -9999 -9999 -9999 -9999 -9999 -9999 -9999 -9999 -9999 -9999 -9999 -9999 -9999 -9999 -9999 -9999 -9999 -9999 -9999
210 211 210 211 210 210 210 209 210 210 210 210 210 209 209 210 209 209 209 209 208 207 208 207 207 208 208 207 207 206 206 206 206 206 205 205 204 204 205 204 204 204 204 204 202 203 202 202 202 201 -9999 -9999 -9999 -9999 -9999 -9999 -9999 -9999 -9999 -9999 -9999 -9999 -9999 -9999 -9999 -9999 -9999 -9999 -9999 -9999 -9999 -9999 -9999 -9999 -9999 -9999 -9999 -9999 -9999 -9999 -9999 -9999 -9999 -9999 -9999 -9999 -9999 -9999 -9999
210 210 210 210 210 209 210 209 208 209 209 209 208 209 209 208 208 208 209 208 207 207 207 207 207 206 207 207 205 205 205 206 204 205 205 204 203 204 204 203 203 204 202 202 202 201 202 202 202 -9999 -9999 -9999 -9999 -9999 -9999 -9999 -9999 -9999 -9999 -9999 -9999 -9999 -9999 -9999 -9999 -9999 -9999 -9999 -9999 -9999 -9999 -9999 -9999 -9999 -9999 -9999 -9999 -9999 -9999 -9999 -9999 -9999 -9999 -9999 -9999 -9999 -9999 -9999 -9999
210 209 209 209 209 209 209 208 208 208 208 208 209 207 208 209 209 209 208 207 207 207 207 207 206 206 205 205 205 206 205 204 204 205 203 203 204 204 202 202 202 203 203 201 200 201 201 202 -9999 -9999 -9999 -9999 -9999 -9999 -9999 -9999 -9999 -9999 -9999 -9999 -9999 -9999 -9999 -9999 -9999 -9999 -9999 -9999 -9999 -9999 -9999 -9999 -9999 -9999 -9999 -9999 -9999 -9999 -9999 -9999 -9999 -9999 -9999 -9999 -9999 -9999 -9999 -9999 -9999
208 209 209 208 208 207 208 208 208 209 208 209 207 208 207 208 207 207 206 207 207 207 206 205 206 205 205 205 205 206 204 204 204 205 203 203 203 202 202 202 201 201 201 201 201 201 201 -9999 -9999 -9999 -9999 -9999 -9999 -9999 -9999 -9999 -9999 -9999 -9999 -9999 -9999 -9999 -9999 -9999 -9999 -9999 -9999 -9999 -9999 -9999 -9999 -9999 -9999 -9999 -9999 -9999 -9999 -9999 -9999 -9999 -9999 -9999 -9999 -9999 -9999 -9999 -9999 -9999 -9999
208 208 208 208 207 207 208 207 207 207 207 207 208 208 207 207 206 206 206 207 207 206 205 205 205 204 205 204 204 204 204 203 203 203 202 203 202 202 201 201 201 201 201 200 201 200 -9999 -9999 -9999 -9999 -9999 -9999 -9999 -9999 -9999 -9999 -9999 -9999 -9999 -9999 -9999 -9999 -9999 -9999 -9999 -9999 -9999 -9999 -9999 -9999 -9999 -9999 -9999 -9999 -9999 -9999 -9999 -9999 -9999 -9999 -9999 -9999 -9999 -9999 -9999 -9999 -9999 -9999 -9999
207 207 206 207 207 207 207 208 207 207 207 207 207 206 206 206 206 205 205 206 206 205 205 205 205 204 205 204 204 204 204 203 203 203 202 202 202 202 201 201 201 201 200 200 200 -9999 -9999 -9999 -9999 -9999 -9999 -9999 -9999 -9999 -9999 -9999 -9999 -9999 -9999 -9999 -9999 -9999 -9999 -9999 -9999 -9999 -9999 -9999 -9999 -9999 -9999 -9999 -9999 -9999 -9999 -9999 -9999 -9999 -9999 -9999 -9999 -9999 -9999 -9999 -9999 -9999 -9999 -9999 -9999
206 206 207 207 207 206 207 206 206 206 206 206 206 205 205 206 205 206 205 205 205 204 204 204 204 204 203 203 204 203 203 203 203 203 202 202 202 201 201 201 200 200 200 200 -9999 -9999 -9999 -9999 -9999 -9999 -9999 -9999 -9999 -9999 -9999 -9999 -9999 -9999 -9999 -9999 -9999 -9999 -9999 -9999 -9999 -9999 -9999 -9999 -9999 -9999 -9999 -9999 -9999 -9999 -9999 -9999 -9999 -9999 -9999 -9999 -9999 -9999 -9999 -9999 -9999 -9999 -9999 -9999 -9999
206 206 206 207 206 206 206 207 206 206 206 206 206 204 205 205 205 205 205 204 204 203 204 203 203 203 202 203 203 202 202 202 202 202 202 202 201 201 201 200 200 200 199 -9999 -9999 -9999 -9999 -9999 -9999 -9999 -9999 -9999 -9999 -9999 -9999 -9999 -9999 -9999 -9999 -9999 -9999 -9999 -9999 -9999 -9999 -9999 -9999 -9999 -9999 -9999 -9999 -9999 -9999 -9999 -9999 -9999 -9999 -9999 -9999 -9999 -9999 -9999 -9999 -9999 -9999 -9999 -9999 -9999 -9999
205 206 207 206 205 206 206 206 205 205 205 205 205 204 205 205 204 204 204 203 203 203 203 203 202 202 202 202 203 202 202 201 201 201 201 201 201 201 201 199 199 199 -9999 -9999 -9999 -9999 -9999 -9999 -9999 -9999 -9999 -9999 -9999 -9999 -9999 -9999 -9999 -9999 -9999 -9999 -9999 -9999 -9999 -9999 -9999 -9999 -9999 -9999 -9999 -9999 -9999 -9999 -9999 -9999 -9999 -9999 -9999 -9999 -9999 -9999 -9999 -9999 -9999 -9999 -9999 -9999 -9999 -9999 -9999
205 205 205 205 205 204 205 205 204 204 204 204 204 204 204 204 204 204 203 203 203 203 203 202 202 202 201 201 202 202 202 201 201 200 200 201 200 200 200 199 198 -9999 -9999 -9999 -9999 -9999 -9999 -9999 -9999 -9999 -9999 -9999 -9999 -9999 -9999 -9999 -9999 -9999 -9999 -9999 -9999 -9999 -9999 -9999 -9999 -9999 -9999 -9999 -9999 -9999 -9999 -9999 -9999 -9999 -9999 -9999 -9999 -9999 -9999 -9999 -9999 -9999 -9999 -9999 -9999 -9999 -9999 -9999 -9999
204 204 205 204 205 205 204 204 204 204 204 204 204 203 203 203 204 203 203 202 202 202 202 201 201 201 201 201 202 201 201 200 200 200 200 200 199 199 198 198 -9999 -9999 -9999 -9999 -9999 -9999 -9999 -9999 -9999 -9999 -9999 -9999 -9999 -9999 -9999 -9999 -9999 -9999 -9999 -9999 -9999 -9999 -9999 -9999 -9999 -9999 -9999 -9999 -9999 -9999 -9999 -9999 -9999 -9999 -9999 -9999 -9999 -9999 -9999 -9999 -9999 -9999 -9999 -9999 -9999 -9999 -9999 -9999 -9999
205 204 204 203 204 204 204 204 203 203 203 203 203 203 202 202 202 202 202 202 202 202 202 201 201 201 201 201 200 200 200 200 200 199 199 199 198 198 198 -9999 -9999 -9999 -9999 -9999 -9999 -9999 -9999 -9999 -9999 -9999 -9999 -9999 -9999 -9999 -9999 -9999 -9999 -9999 -9999 -9999 -9999 -9999 -9999 -9999 -9999 -9999 -9999 -9999 -9999 -9999 -9999 -9999 -9999 -9999 -9999 -9999 -9999 -9999 -9999 -9999 -9999 -9999 -9999 -9999 -9999 -9999 -9999 -9999 -9999
203 203 203 203 203 203 203 203 203 202 201 202 202 202 202 202 202 201 202 201 202 202 201 201 201 201 200 200 200 200 200 199 199 198 198 198 198 198 -9999 -9999 -9999 -9999 -9999 -9999 -9999 -9999 -9999 -9999 -9999 -9999 -9999 -9999 -9999 -9999 -9999 -9999 -9999 -9999 -9999 -9999 -9999 -9999 -9999 -9999 -9999 -9999 -9999 -9999 -9999 -9999 -9999 -9999 -9999 -9999 -9999 -9999 -9999 -9999 -9999 -9999 -9999 -9999 -9999 -9999 -9999 -9999 -9999 -9999 -9999
203 202 203 204 203 203 203 202 202 202 201 201 203 203 201 202 202 200 200 200 200 201 200 200 200 199 199 200 200 200 199 198 198 198 198 198 0 -9999 -9999 -9999 -9999 -9999 -9999 -9999 -9999 -9999 -9999 -9999 -9999 -9999 -9999 -9999 -9999 -9999 -9999 -9999 -9999 -9999 -9999 -9999 -9999 -9999 -9999 -9999 -9999 -9999 -9999 -9999 -9999 -9999 -9999 -9999 -9999 -9999 -9999 -9999 -9999 -9999 -9999 -9999 -9999 -9999 -9999 -9999 -9999 -9999 -9999 -9999 -9999
203 202 202 202 202 202 202 202 202 201 201 201 201 201 201 201 201 201 201 200 200 201 199 200 199 198 198 199 200 199 198 198 197 198 198 198 -9999 -9999 -9999 -9999 -9999 -9999 -9999 -9999 -9999 -9999 -9999 -9999 -9999 -9999 -9999 -9999 -9999 -9999 -9999 -9999 -9999 -9999 -9999 -9999 -9999 -9999 -9999 -9999 -9999 -9999 -9999 -9999 -9999 -9999 -9999 -9999 -9999 -9999 -9999 -9999 -9999 -9999 -9999 -9999 -9999 -9999 -9999 -9999 -9999 -9999 -9999 -9999 -9999
202 202 202 202 201 200 202 201 201 201 201 201 200 201 201 201 201 200 200 199 199 198 199 199 198 198 198 198 200 200 198 197 198 197 196 -9999 -9999 -9999 -9999 -9999 -9999 -9999 -9999 -9999 -9999 -9999 -9999 -9999 -9999 -9999 -9999 -9999 -9999 -9999 -9999 -9999 -9999 -9999 -9999 -9999 -9999 -9999 -9999 -9999 -9999 -9999 -9999 -9999 -9999 -9999 -9999 -9999 -9999 -9999 -9999 -9999 -9999 -9999 -9999 -9999 -9999 -9999 -9999 -9999 -9999 -9999 -9999 -9999 -9999
201 200 200 200 201 200 201 201 199 200 199 200 200 199 199 199 200 199 199 199 198 199 199 198 198 198 197 197 197 197 196 196 197 196 -9999 -9999 -9999 -9999 -9999 -9999 -9999 -9999 -9999 -9999 -9999 -9999 -9999 -9999 -9999 -9999 -9999 -9999 -9999 -9999 -9999 -9999 -9999 -9999 -9999 -9999 -9999 -9999 -9999 -9999 -9999 -9999 -9999 -9999 -9999 -9999 -9999 -9999 -9999 -9999 -9999 -9999 -9999 -9999 -9999 -9999 -9999 -9999 -9999 -9999 -9999 -9999 -9999 -9999 -9999
200 201 200 200 201 201 200 201 200 200 199 200 199 199 199 199 199 198 198 199 199 198 198 198 198 198 197 197 197 196 196 196 196 -9999 -9999 -9999 -9999 -9999 -9999 -9999 -9999 -9999 -9999 -9999 -9999 -9999 -9999 -9999 -9999 -9999 -9999 -9999 -9999 -9999 -9999 -9999 -9999 -9999 -9999 -9999 -9999 -9999 -9999 -9999 -9999 -9999 -9999 -9999 -9999 -9999 -9999 -9999 -9999 -9999 -9999 -9999 -9999 -9999 -9999 -9999 -9999 -9999 -9999 -9999 -9999 -9999 -9999 -9999 -9999
