data/grids/TEMPANRANGE.asc
NCOLS 822 
NROWS 563 
XLLCORNER -58000 
YLLCORNER 5661000 
CELLSIZE 1000 
NODATA_value -9999 
[rows 400 to 439 of 563, columns 0 to 88 of 822]
-9999 -9999 -9999 -9999 -9999 -9999 -9999 -9999 -9999 -9999 -9999 -9999 -9999 -9999 -9999 -9999 -9999 -9999 -9999 -9999 -9999 -9999 -9999 -9999 -9999 -9999 217 218 217 217 217 218 218 217 217 217 217 217 218 217 218 218 219 218 218 219 219 219 219 219 219 219 219 219 220 220 219 219 220 220 220 220 220 220 219 219 220 220 219 221 221 221 221 220 220 219 220 220 219 220 220 221 220 219 220 220 220 220 220
-9999 -9999 -9999 -9999 -9999 -9999 -9999 -9999 -9999 -9999 -9999 -9999 -9999 -9999 -9999 -9999 -9999 -9999 -9999 -9999 -9999 -9999 -9999 -9999 -9999 -9999 216 217 216 217 218 216 217 217 217 217 217 217 217 217 217 217 218 218 218 218 219 219 219 219 219 218 218 219 219 218 220 219 219 219 219 220 220 219 219 219 220 220 221 220 221 220 220 220 219 220 219 219 219 219 220 220 220 220 220 219 220 220 219
-9999 -9999 -9999 -9999 -9999 -9999 -9999 -9999 -9999 -9999 -9999 -9999 -9999 -9999 -9999 -9999 -9999 -9999 -9999 -9999 -9999 -9999 -9999 -9999 -9999 -9999 216 215 215 216 216 216 216 216 217 216 217 217 217 217 217 217 216 217 217 217 218 218 218 218 219 219 218 218 219 218 218 219 218 218 218 219 220 219 219 220 218 219 219 219 220 219 219 218 220 219 219 219 219 218 218 219 220 219 220 219 219 219 219
-9999 -9999 -9999 -9999 -9999 -9999 -9999 -9999 -9999 -9999 -9999 -9999 -9999 -9999 -9999 -9999 -9999 -9999 -9999 -9999 -9999 -9999 -9999 -9999 -9999 -9999 215 215 214 215 215 214 214 215 215 216 217 216 216 216 217 217 215 216 216 215 215 216 215 216 217 218 218 217 218 217 217 218 217 218 218 218 218 219 219 218 219 219 219 219 219 218 218 218 219 219 219 218 219 219 218 218 219 218 219 218 218 219 219
-9999 -9999 -9999 -9999 -9999 -9999 -9999 -9999 -9999 -9999 -9999 -9999 -9999 -9999 -9999 -9999 -9999 -9999 -9999 -9999 -9999 -9999 -9999 -9999 -9999 -9999 214 214 213 214 214 214 215 215 215 215 215 215 215 215 216 215 214 214 215 214 216 216 216 215 215 216 216 217 217 217 217 217 217 218 217 217 218 217 218 218 219 218 218 218 218 218 218 218 218 218 218 218 218 219 218 218 218 218 218 218 218 217 217
-9999 -9999 -9999 -9999 -9999 -9999 -9999 -9999 -9999 -9999 -9999 -9999 -9999 -9999 -9999 -9999 -9999 -9999 -9999 -9999 -9999 -9999 -9999 -9999 -9999 -9999 213 213 213 213 213 213 214 214 214 214 214 214 214 215 215 215 214 214 214 214 215 215 215 216 215 215 215 216 217 217 216 216 217 217 217 217 217 218 217 217 217 218 218 217 217 217 217 218 218 217 218 217 218 218 217 217 218 217 217 218 218 218 218
-9999 -9999 -9999 -9999 -9999 -9999 -9999 -9999 -9999 -9999 -9999 -9999 -9999 -9999 -9999 -9999 -9999 -9999 -9999 -9999 -9999 -9999 -9999 -9999 -9999 -9999 212 212 213 213 213 213 213 213 213 213 213 213 213 214 214 214 215 215 214 214 215 215 215 215 215 215 214 215 216 215 216 216 216 216 217 216 216 217 216 216 218 217 218 216 217 217 216 217 217 217 217 216 217 217 217 217 217 216 216 218 217 217 218
-9999 -9999 -9999 -9999 -9999 -9999 -9999 -9999 -9999 -9999 -9999 -9999 -9999 -9999 -9999 -9999 -9999 -9999 -9999 -9999 -9999 -9999 -9999 -9999 -9999 -9999 211 212 211 211 211 212 212 212 212 212 212 212 212 212 212 213 213 212 213 213 214 213 214 213 214 214 214 214 214 215 215 216 215 215 216 216 215 216 216 216 216 216 217 217 216 217 216 217 218 216 216 217 217 216 216 216 216 216 216 216 217 216 216
-9999 -9999 -9999 -9999 -9999 -9999 -9999 -9999 -9999 -9999 -9999 -9999 -9999 -9999 -9999 -9999 -9999 -9999 -9999 -9999 -9999 -9999 -9999 -9999 -9999 -9999 211 211 211 211 211 211 211 211 212 212 212 212 212 212 212 212 212 212 212 212 213 212 213 213 213 213 213 214 213 213 214 214 214 214 215 215 215 216 215 215 214 216 215 216 216 215 215 216 215 216 216 217 216 216 216 216 216 215 215 216 217 215 216
-9999 -9999 -9999 -9999 -9999 -9999 -9999 -9999 -9999 -9999 -9999 -9999 -9999 -9999 -9999 -9999 -9999 -9999 -9999 -9999 -9999 -9999 -9999 -9999 -9999 -9999 210 211 211 211 211 211 211 211 211 211 212 211 212 212 211 212 212 212 212 212 212 212 212 212 213 213 212 213 213 213 213 214 214 214 214 215 214 215 215 215 214 215 215 215 215 215 216 215 215 216 215 216 215 215 215 215 215 214 214 215 215 214 216
-9999 -9999 -9999 -9999 -9999 -9999 -9999 -9999 -9999 -9999 -9999 -9999 -9999 -9999 -9999 -9999 -9999 -9999 -9999 -9999 -9999 -9999 -9999 -9999 -9999 -9999 209 209 209 209 209 210 210 210 210 211 211 211 211 211 211 211 212 212 212 212 212 212 212 212 213 213 212 212 213 212 213 213 213 213 213 214 213 213 214 215 215 215 214 214 213 215 215 215 215 215 215 215 214 214 214 215 214 215 214 214 215 214 215
-9999 -9999 -9999 -9999 -9999 -9999 -9999 -9999 -9999 -9999 -9999 -9999 -9999 -9999 -9999 -9999 -9999 -9999 -9999 -9999 -9999 -9999 -9999 -9999 -9999 -9999 209 209 209 209 209 209 209 209 209 209 210 210 210 211 210 210 210 210 211 212 211 211 212 211 211 211 211 211 212 211 212 212 213 213 213 213 213 212 214 213 213 213 214 213 215 213 214 215 215 214 214 214 213 214 213 214 214 214 214 215 214 215 214
-9999 -9999 -9999 -9999 -9999 -9999 -9999 -9999 -9999 -9999 -9999 -9999 -9999 -9999 -9999 -9999 -9999 -9999 -9999 -9999 -9999 -9999 -9999 -9999 -9999 -9999 207 208 208 208 208 209 209 209 209 209 208 209 209 209 209 209 209 210 210 210 210 210 211 210 210 210 210 210 210 212 211 211 212 212 212 212 212 212 213 213 213 212 213 213 213 213 212 214 214 213 213 213 213 213 213 213 213 214 214 214 214 212 214
-9999 -9999 -9999 -9999 -9999 -9999 -9999 -9999 -9999 -9999 -9999 -9999 -9999 -9999 -9999 -9999 -9999 -9999 -9999 -9999 -9999 -9999 -9999 -9999 -9999 -9999 207 207 207 207 207 208 208 207 208 208 208 208 208 207 207 208 208 209 208 208 209 209 210 210 209 210 209 210 211 211 211 211 211 211 211 211 211 211 212 213 213 211 212 212 212 213 213 213 212 212 213 212 213 212 213 213 212 212 212 213 214 213 213
-9999 -9999 -9999 -9999 -9999 -9999 -9999 -9999 -9999 -9999 -9999 -9999 -9999 -9999 -9999 -9999 -9999 -9999 -9999 -9999 -9999 -9999 -9999 -9999 -9999 -9999 206 206 206 206 206 206 206 207 207 207 207 207 208 207 208 208 208 208 208 208 208 209 210 208 208 210 209 210 210 209 210 210 211 211 211 211 210 210 211 210 212 211 212 212 212 212 212 212 212 212 213 212 212 211 212 211 212 212 213 213 212 212 212
-9999 -9999 -9999 -9999 -9999 -9999 -9999 -9999 -9999 -9999 -9999 -9999 -9999 -9999 -9999 -9999 -9999 -9999 -9999 -9999 -9999 -9999 -9999 -9999 -9999 -9999 205 205 205 205 206 206 206 206 206 205 206 206 206 206 206 206 207 207 207 208 207 208 208 208 208 208 208 209 209 209 209 209 210 210 210 210 211 210 210 210 210 210 210 211 212 210 211 212 212 212 211 212 213 211 212 211 212 212 212 212 211 211 212
-9999 -9999 -9999 -9999 -9999 -9999 -9999 -9999 -9999 -9999 -9999 -9999 -9999 -9999 -9999 -9999 -9999 -9999 -9999 -9999 -9999 -9999 -9999 -9999 -9999 -9999 -9999 205 205 205 205 205 205 205 205 205 205 205 205 205 205 205 205 205 205 205 207 207 207 207 208 208 208 208 208 209 209 209 210 209 210 209 211 210 210 210 210 210 210 210 210 210 210 211 211 211 210 210 211 210 211 211 211 211 211 211 211 211 211
-9999 -9999 -9999 -9999 -9999 -9999 -9999 -9999 -9999 -9999 -9999 -9999 -9999 -9999 -9999 -9999 -9999 -9999 -9999 -9999 -9999 -9999 -9999 -9999 -9999 -9999 -9999 204 204 204 204 205 205 204 204 204 204 205 205 205 205 205 205 205 205 205 207 206 207 206 207 207 207 207 207 208 208 208 209 208 209 209 210 209 209 209 209 210 210 210 209 210 210 209 210 210 210 211 210 210 210 210 210 211 210 211 210 210 210
-9999 -9999 -9999 -9999 -9999 -9999 -9999 -9999 -9999 -9999 -9999 -9999 -9999 -9999 -9999 -9999 -9999 -9999 -9999 -9999 -9999 -9999 -9999 -9999 -9999 -9999 -9999 202 203 202 203 203 203 203 203 204 204 204 204 204 204 204 204 205 205 205 205 205 206 206 206 205 206 206 206 208 207 206 208 207 206 209 209 208 208 208 208 210 209 209 209 210 209 209 208 210 209 209 209 210 210 210 210 210 210 209 210 210 210
-9999 -9999 -9999 -9999 -9999 -9999 -9999 -9999 -9999 -9999 -9999 -9999 -9999 -9999 -9999 -9999 -9999 -9999 -9999 -9999 -9999 -9999 -9999 -9999 -9999 -9999 -9999 202 202 202 202 201 201 201 202 203 203 203 203 204 204 204 204 204 204 204 205 205 205 205 205 205 205 205 206 207 206 207 206 207 206 207 207 208 208 207 209 209 209 209 208 209 208 208 208 208 208 209 209 209 209 209 209 209 209 209 209 208 209
-9999 -9999 -9999 -9999 -9999 -9999 -9999 -9999 -9999 -9999 -9999 -9999 -9999 -9999 -9999 -9999 -9999 -9999 -9999 -9999 -9999 -9999 -9999 -9999 -9999 -9999 -9999 200 201 201 202 201 201 201 201 202 202 202 202 203 203 203 203 203 203 203 204 204 204 204 204 205 205 205 205 205 205 206 206 206 207 207 206 206 207 207 208 208 208 207 208 208 208 207 208 208 208 208 208 208 208 208 208 208 208 208 208 208 208
-9999 -9999 -9999 -9999 -9999 -9999 -9999 -9999 -9999 -9999 -9999 -9999 -9999 -9999 -9999 -9999 -9999 -9999 -9999 -9999 -9999 -9999 -9999 -9999 -9999 -9999 -9999 199 199 199 199 200 200 201 201 201 202 202 202 202 202 202 203 203 203 203 203 203 204 203 203 204 204 203 205 205 205 205 205 205 205 205 205 206 206 206 207 207 207 205 207 207 206 207 208 208 208 208 208 208 208 207 207 207 208 208 207 207 208
-9999 -9999 -9999 -9999 -9999 -9999 -9999 -9999 -9999 -9999 -9999 -9999 -9999 -9999 -9999 -9999 -9999 -9999 -9999 -9999 -9999 -9999 -9999 -9999 -9999 -9999 -9999 199 200 199 199 199 199 200 200 200 201 201 202 202 202 202 202 202 202 202 202 203 202 202 203 203 203 203 203 204 203 204 204 204 205 205 204 205 206 205 205 206 206 205 205 207 206 207 206 206 206 206 207 207 207 206 207 206 208 208 206 207 208
-9999 -9999 -9999 -9999 -9999 -9999 -9999 -9999 -9999 -9999 -9999 -9999 -9999 -9999 -9999 -9999 -9999 -9999 -9999 -9999 -9999 -9999 -9999 -9999 -9999 -9999 -9999 198 198 199 199 199 199 199 199 199 199 199 200 201 202 202 201 202 202 202 201 202 202 202 202 202 202 203 203 203 203 203 203 203 204 204 204 205 205 205 205 205 205 206 205 206 207 206 206 206 206 206 206 206 206 206 206 206 206 206 206 206 206
-9999 -9999 -9999 -9999 -9999 -9999 -9999 -9999 -9999 -9999 -9999 -9999 -9999 -9999 -9999 -9999 -9999 -9999 -9999 -9999 -9999 -9999 -9999 -9999 -9999 -9999 -9999 197 198 198 198 198 198 198 198 198 199 199 200 199 200 200 201 200 201 201 201 202 202 201 202 201 201 202 202 202 203 203 203 203 203 203 204 204 204 204 203 203 204 204 206 205 205 206 206 206 206 205 206 206 205 205 206 206 206 206 207 206 205
-9999 -9999 -9999 -9999 -9999 -9999 -9999 -9999 -9999 -9999 -9999 -9999 -9999 -9999 -9999 -9999 -9999 -9999 -9999 -9999 -9999 -9999 -9999 -9999 -9999 -9999 -9999 196 197 197 197 197 197 198 198 197 197 197 199 199 198 199 199 199 200 200 201 201 201 200 200 201 202 201 201 201 201 202 202 202 202 203 203 202 203 203 203 204 204 203 204 205 204 204 205 206 206 205 204 205 204 204 205 205 206 206 206 206 206
-9999 -9999 -9999 -9999 -9999 -9999 -9999 -9999 -9999 -9999 -9999 -9999 -9999 -9999 -9999 -9999 -9999 -9999 -9999 -9999 -9999 -9999 -9999 -9999 -9999 -9999 -9999 195 196 196 196 196 196 196 196 197 198 198 198 198 198 198 198 198 198 199 199 199 200 199 200 199 200 201 201 201 201 201 201 201 202 202 203 202 204 202 203 203 203 204 203 204 203 203 204 204 204 204 204 203 204 203 203 205 205 205 205 204 206
-9999 -9999 -9999 -9999 -9999 -9999 -9999 -9999 -9999 -9999 -9999 -9999 -9999 -9999 -9999 -9999 -9999 -9999 -9999 -9999 -9999 -9999 -9999 -9999 -9999 -9999 -9999 194 195 195 196 196 196 196 196 196 196 196 197 197 197 198 197 197 197 197 197 198 199 200 200 200 199 199 201 200 201 201 201 201 201 201 201 202 202 202 202 202 203 202 204 203 202 203 203 203 203 203 204 203 203 203 204 204 204 204 204 204 204
-9999 -9999 -9999 -9999 -9999 -9999 -9999 -9999 -9999 -9999 -9999 -9999 -9999 -9999 -9999 -9999 -9999 -9999 -9999 -9999 -9999 -9999 -9999 -9999 -9999 -9999 -9999 193 194 194 194 194 195 195 196 196 196 195 195 195 195 196 196 196 197 197 197 198 198 198 199 199 198 198 199 198 199 200 200 200 200 201 200 200 201 202 201 201 202 202 202 202 202 202 202 202 203 202 202 203 202 202 203 203 203 204 204 204 203
-9999 -9999 -9999 -9999 -9999 -9999 -9999 -9999 -9999 -9999 -9999 -9999 -9999 -9999 -9999 -9999 -9999 -9999 -9999 -9999 -9999 -9999 -9999 -9999 -9999 -9999 -9999 192 193 193 193 193 193 194 193 193 194 195 195 195 195 195 195 195 195 197 197 197 197 197 197 198 198 198 198 198 199 199 199 200 199 200 201 200 200 200 201 200 202 201 201 201 201 202 202 201 201 201 202 203 201 202 202 203 203 203 203 203 202
-9999 -9999 -9999 -9999 -9999 -9999 -9999 -9999 -9999 -9999 -9999 -9999 -9999 -9999 -9999 -9999 -9999 -9999 -9999 -9999 -9999 -9999 -9999 -9999 -9999 -9999 -9999 191 191 191 192 192 193 193 193 193 194 193 195 195 195 195 196 195 195 195 195 197 197 197 196 197 198 197 198 198 198 198 197 198 197 199 199 199 199 200 200 200 201 200 200 201 201 201 201 201 201 201 201 201 201 201 202 202 202 203 202 202 202
-9999 -9999 -9999 -9999 -9999 -9999 -9999 -9999 -9999 -9999 -9999 -9999 -9999 -9999 -9999 -9999 -9999 -9999 -9999 -9999 -9999 -9999 -9999 -9999 -9999 -9999 -9999 190 191 191 192 191 192 192 192 193 193 194 194 194 194 194 193 195 195 195 195 195 195 195 195 196 197 197 197 197 197 196 198 197 198 197 198 199 198 198 199 200 200 199 200 200 200 200 201 200 201 201 201 201 200 201 201 202 202 202 202 202 202
-9999 -9999 -9999 -9999 -9999 -9999 -9999 -9999 -9999 -9999 -9999 -9999 -9999 -9999 -9999 -9999 -9999 -9999 -9999 -9999 -9999 -9999 -9999 -9999 -9999 -9999 -9999 190 190 190 191 191 191 191 191 192 192 192 193 193 193 194 194 194 194 194 194 195 194 195 195 195 196 195 195 196 197 196 196 196 197 197 197 197 197 198 199 199 198 200 200 199 200 199 198 199 201 200 200 199 199 200 201 201 201 201 201 201 201
-9999 -9999 -9999 -9999 -9999 -9999 -9999 -9999 -9999 -9999 -9999 -9999 -9999 -9999 -9999 -9999 -9999 -9999 -9999 -9999 -9999 -9999 -9999 -9999 -9999 -9999 -9999 189 190 190 190 190 190 190 191 191 191 191 192 192 192 193 193 192 192 192 193 193 193 193 194 195 195 195 194 195 195 195 195 196 197 197 196 196 197 198 198 198 197 199 198 199 199 198 200 199 200 200 199 200 199 200 200 200 200 200 200 200 200
-9999 -9999 -9999 -9999 -9999 -9999 -9999 -9999 -9999 -9999 -9999 -9999 -9999 -9999 -9999 -9999 -9999 -9999 -9999 -9999 -9999 -9999 -9999 -9999 -9999 -9999 -9999 188 188 188 190 189 190 190 190 190 190 190 190 191 191 191 191 192 193 191 192 193 192 193 193 194 194 194 194 194 194 195 195 195 195 195 195 195 196 197 197 197 197 197 198 199 196 199 198 199 199 199 199 198 198 199 199 200 199 199 199 199 200
-9999 -9999 -9999 -9999 -9999 -9999 -9999 -9999 -9999 -9999 -9999 -9999 -9999 -9999 -9999 -9999 -9999 -9999 -9999 -9999 -9999 -9999 -9999 -9999 -9999 -9999 -9999 187 187 188 188 188 189 189 189 189 189 189 189 190 190 191 190 190 190 190 191 192 191 191 192 193 193 193 193 194 193 194 194 195 195 194 194 195 195 196 196 195 196 196 196 198 196 198 198 197 197 198 198 198 198 199 198 199 199 199 198 198 200
-9999 -9999 -9999 -9999 -9999 -9999 -9999 -9999 -9999 -9999 -9999 -9999 -9999 -9999 -9999 -9999 -9999 -9999 -9999 -9999 -9999 -9999 -9999 -9999 -9999 -9999 -9999 -9999 187 188 188 188 187 187 188 188 189 189 189 189 189 189 190 190 190 190 191 191 190 190 191 192 193 192 192 192 193 193 193 194 194 195 194 194 194 194 195 196 195 196 195 196 197 197 197 197 197 198 198 197 198 198 198 198 198 198 198 198 199
-9999 -9999 -9999 -9999 -9999 -9999 -9999 -9999 -9999 -9999 -9999 -9999 -9999 -9999 -9999 -9999 -9999 -9999 -9999 -9999 -9999 -9999 -9999 -9999 -9999 -9999 -9999 -9999 186 186 186 187 186 186 186 187 187 187 188 188 189 189 189 189 189 190 190 190 191 190 190 190 191 191 192 192 193 192 192 193 193 193 193 193 193 194 194 196 195 195 196 195 196 196 196 196 195 197 196 195 196 196 198 198 197 198 198 198 198
-9999 -9999 -9999 -9999 -9999 -9999 -9999 -9999 -9999 -9999 -9999 -9999 -9999 -9999 -9999 -9999 -9999 -9999 -9999 -9999 -9999 -9999 -9999 -9999 -9999 -9999 -9999 -9999 184 185 185 186 186 186 186 186 187 187 187 187 187 188 188 188 189 189 189 189 190 190 190 189 191 191 191 191 191 192 192 192 192 192 192 193 193 193 193 194 194 194 194 195 195 195 195 195 195 196 195 195 197 197 196 198 198 196 197 196 197
-9999 -9999 -9999 -9999 -9999 -9999 -9999 -9999 -9999 -9999 -9999 -9999 -9999 -9999 -9999 -9999 -9999 -9999 -9999 -9999 -9999 -9999 -9999 -9999 -9999 -9999 -9999 -9999 183 184 184 185 185 185 186 186 186 186 187 187 187 187 187 188 187 188 188 188 189 188 189 190 190 191 190 190 190 191 191 191 192 192 193 192 192 193 193 193 193 193 194 194 194 194 195 195 195 195 196 195 195 196 195 195 195 197 196 196 197
