data/grids/TEMPANRANGE.asc
NCOLS 822 
NROWS 563 
XLLCORNER -58000 
YLLCORNER 5661000 
CELLSIZE 1000 
NODATA_value -9999 
[rows 440 to 479 of 563, columns 178 to 266 of 822]
208 209 208 209 209 210 210 211 211 211 211 212 212 213 213 214 214 213 214 214 215 215 215 215 215 215 215 215 216 217 217 217 217 217 217 217 217 217 217 218 218 218 216 216 217 217 217 217 217 217 216 216 217 215 215 215 216 215 215 214 214 214 214 214 214 213 213 213 212 213 212 212 212 211 211 210 210 211 210 210 210 210 209 209 209 209 209 209 209
208 208 208 208 209 209 209 211 211 211 211 211 212 212 213 214 213 212 214 213 214 215 215 215 215 215 215 215 217 216 215 216 217 217 217 216 217 217 217 217 217 217 217 216 217 217 216 216 216 216 215 217 216 216 215 215 215 215 215 215 214 214 214 214 213 213 212 212 212 212 213 212 211 211 210 210 210 210 210 210 209 209 209 209 209 209 208 208 208
207 207 207 208 208 209 209 209 210 210 211 211 211 211 212 213 213 212 213 214 213 214 214 215 215 215 215 215 215 215 216 216 216 216 217 217 217 217 217 217 217 217 216 216 216 216 216 216 216 216 216 216 215 215 215 215 214 215 215 214 214 214 214 213 213 212 211 212 212 211 212 211 211 210 210 210 210 210 210 209 209 209 209 209 208 208 208 207 207
207 208 207 207 208 209 209 209 210 210 211 211 212 212 212 212 212 212 212 213 213 214 214 215 215 215 215 215 216 215 216 215 216 216 217 217 217 217 217 217 217 217 216 216 216 216 216 216 216 216 216 215 215 215 215 215 215 214 214 214 214 213 213 213 212 212 212 212 212 212 212 211 210 209 209 210 210 209 209 209 209 209 209 209 208 208 208 207 207
206 207 207 207 207 208 209 209 209 209 210 211 211 211 212 212 212 212 212 212 214 213 214 214 214 214 215 214 216 216 216 216 217 216 216 216 216 217 216 216 216 215 216 216 216 216 216 215 216 216 216 215 215 214 215 215 214 214 214 213 213 213 212 212 212 211 212 212 212 212 211 211 210 210 210 209 209 209 209 208 208 208 208 208 208 208 207 207 206
206 206 206 207 207 207 209 209 209 209 209 209 211 211 211 211 212 212 212 212 212 212 214 214 215 214 214 215 215 215 215 215 216 215 215 216 216 217 216 216 216 216 216 216 216 216 215 215 215 216 216 215 215 214 214 214 213 213 213 213 212 212 211 211 211 211 212 211 210 211 211 211 210 209 209 209 209 208 208 208 208 208 208 208 208 207 207 207 207
206 206 206 206 207 207 207 208 209 209 209 209 210 211 211 211 211 212 212 212 212 212 212 214 214 213 214 214 215 215 214 214 215 215 215 216 215 216 217 216 216 215 216 215 216 216 215 214 215 216 215 214 214 214 214 213 213 213 213 212 211 211 211 211 211 211 211 210 211 211 210 210 210 210 208 208 208 208 208 208 208 208 208 207 207 207 207 207 207
206 206 206 206 207 207 207 207 208 209 209 209 210 211 211 211 210 211 211 212 212 212 213 213 214 213 214 214 214 214 214 214 214 215 215 215 215 215 215 216 216 216 216 216 216 215 215 214 216 215 215 214 214 214 213 213 212 212 211 211 211 210 210 210 211 210 210 210 210 210 209 209 209 209 208 208 208 208 208 208 208 207 207 207 207 206 206 207 206
205 205 205 206 207 206 207 207 208 208 209 209 209 210 210 210 210 210 211 211 212 212 212 213 213 214 214 214 214 214 214 214 214 214 215 215 215 215 215 215 215 216 216 215 216 216 215 214 215 214 214 214 213 213 212 212 211 211 211 211 211 210 210 210 210 209 209 209 209 208 209 209 209 208 207 208 208 207 208 207 207 207 207 206 206 207 206 206 206
204 205 206 206 206 206 206 207 207 208 208 208 209 210 210 210 210 210 210 211 212 212 212 213 212 213 213 214 214 214 214 214 214 214 214 215 215 215 215 215 215 215 215 215 215 216 214 214 214 214 214 213 213 213 213 211 211 211 211 210 210 210 210 210 209 209 208 209 209 208 208 208 208 208 207 207 207 206 207 207 207 206 206 206 205 206 206 206 205
203 205 205 205 205 205 206 206 207 208 208 208 207 209 210 210 210 210 210 210 211 212 212 212 212 213 213 214 214 214 214 214 214 214 214 214 215 215 215 215 215 215 215 215 215 215 214 213 214 214 214 213 212 212 213 211 211 211 211 210 210 210 210 210 209 208 208 208 208 208 208 207 207 207 207 207 207 207 206 205 206 206 206 206 206 206 206 206 205
203 204 203 204 204 204 206 206 207 207 207 207 208 209 208 210 210 210 210 210 210 211 212 212 212 212 213 214 214 213 214 214 214 214 215 215 214 215 215 215 215 215 215 215 215 215 213 214 213 213 213 213 212 211 211 211 211 210 210 210 209 210 209 209 209 208 208 208 208 208 207 207 207 207 207 207 205 206 205 205 206 206 206 206 206 206 205 205 204
202 203 203 203 204 204 205 206 206 206 207 207 207 207 208 210 210 210 210 210 210 212 212 212 212 212 213 214 214 214 214 214 214 214 214 215 214 215 215 214 215 215 215 214 214 214 214 213 213 213 213 213 211 211 211 211 210 210 210 209 209 208 208 208 209 208 207 207 207 207 207 207 207 207 207 205 205 205 204 205 205 206 206 205 205 205 205 204 204
202 202 202 203 204 204 205 205 206 206 207 207 207 207 208 208 209 210 210 210 210 211 211 212 211 212 212 212 213 214 214 213 214 214 214 214 214 215 215 215 215 215 214 214 214 214 214 213 212 213 213 212 211 211 211 211 210 210 210 209 208 208 208 208 208 208 207 207 206 206 206 206 207 207 205 205 205 204 204 204 205 206 203 203 204 204 204 203 204
201 202 202 202 204 204 204 205 204 205 206 207 207 208 208 208 208 210 210 210 210 211 211 211 211 211 212 213 213 214 212 212 214 214 214 214 214 214 215 215 215 215 214 214 214 214 213 213 212 212 211 211 211 211 211 210 210 209 210 208 208 208 208 208 207 207 206 206 206 205 206 207 206 205 205 204 205 204 204 204 205 205 203 202 202 202 203 203 203
201 202 202 202 203 204 204 205 204 204 206 206 207 207 208 208 208 209 210 210 210 210 210 211 211 211 211 211 212 212 212 212 213 213 213 214 214 214 214 214 214 213 213 213 213 214 212 213 212 211 211 211 210 209 210 209 209 209 209 208 208 208 207 206 206 205 205 205 205 205 205 206 206 204 204 204 204 204 204 204 204 204 202 202 202 202 202 203 202
200 201 201 202 202 203 204 204 205 204 205 206 206 207 207 208 208 208 209 210 210 210 210 210 210 211 211 212 211 211 212 213 212 213 212 213 214 214 214 212 213 213 214 213 213 213 212 212 211 211 210 210 210 209 209 209 209 208 208 208 208 206 206 205 205 205 205 205 205 204 204 205 204 204 204 204 204 203 203 203 203 203 202 202 202 203 202 202 202
199 199 201 201 201 202 203 202 204 204 204 205 205 207 206 207 207 207 208 209 209 209 210 210 211 210 211 211 212 211 212 212 212 212 212 213 212 213 213 213 212 213 213 213 212 212 212 211 211 210 210 210 210 210 209 209 208 208 208 207 207 206 205 205 205 205 205 205 204 204 203 204 204 204 204 204 204 203 203 203 202 203 202 202 202 202 201 201 201
199 200 199 201 201 201 202 202 203 204 204 204 205 206 206 206 207 207 207 209 209 209 210 210 210 210 211 211 211 211 212 212 212 212 212 212 212 212 212 213 212 213 214 212 212 212 212 212 211 211 210 210 210 209 208 208 208 208 207 206 206 205 205 205 206 205 205 204 203 204 203 203 204 203 204 203 203 202 203 202 202 202 202 201 202 202 201 201 201
199 199 200 200 200 201 201 202 202 203 204 204 205 205 206 206 206 207 208 208 209 209 208 209 211 210 210 211 210 211 212 212 211 211 211 211 211 211 212 212 213 212 212 212 212 212 212 210 210 210 210 209 209 209 208 207 208 207 207 206 205 205 205 205 204 205 204 204 203 204 204 203 203 203 203 202 202 203 202 202 201 202 202 201 201 201 200 201 201
198 199 200 200 199 200 201 202 202 203 204 204 205 204 205 205 206 206 207 207 208 209 209 210 210 210 210 210 210 211 211 211 211 211 211 211 211 212 211 211 212 212 212 212 212 212 212 210 210 210 209 209 208 207 207 207 208 207 206 205 205 205 205 205 204 204 203 203 203 203 203 203 203 203 202 202 201 202 201 202 202 201 201 201 201 200 200 200 200
197 198 199 199 199 199 200 201 202 202 203 203 204 204 205 204 205 206 207 207 208 208 208 209 209 209 209 209 210 210 210 210 210 211 211 211 211 211 211 211 211 211 212 212 211 211 210 209 209 209 208 208 207 207 207 206 207 206 205 205 205 204 205 204 203 203 203 203 203 203 203 203 202 202 201 201 201 200 200 201 201 201 201 201 201 200 201 200 200
197 197 198 199 199 199 200 200 201 202 201 202 202 203 204 204 204 205 206 207 207 208 208 209 208 208 208 208 210 209 209 209 210 210 209 211 211 211 210 210 210 211 212 211 210 210 209 209 209 208 207 208 207 206 206 206 206 205 205 205 204 204 204 204 203 203 203 203 203 203 202 201 201 201 200 200 200 201 200 201 201 201 201 200 200 200 200 200 199
197 197 198 198 198 199 199 199 200 202 200 202 203 202 203 204 204 205 205 207 208 207 208 208 208 208 208 208 209 209 209 209 209 209 211 210 209 208 210 209 209 210 210 209 210 209 209 209 208 207 208 207 206 206 206 205 205 204 204 204 204 204 203 203 203 203 203 203 202 202 201 201 200 200 200 200 200 200 200 200 199 199 200 200 200 200 200 199 200
196 197 197 197 198 199 199 199 200 200 200 202 202 202 203 204 204 204 205 206 207 207 208 207 208 208 209 208 209 209 208 208 208 209 209 210 209 208 209 209 208 208 208 208 209 209 209 208 207 207 206 205 205 205 205 204 204 204 204 204 203 203 203 203 203 203 203 203 202 202 201 201 201 200 200 200 200 199 199 199 199 198 199 198 198 199 199 198 199
196 196 197 197 197 198 199 199 199 200 200 201 202 202 202 203 204 204 204 205 206 206 207 208 208 208 208 207 208 208 208 208 208 208 208 208 209 208 209 209 207 207 208 208 208 208 208 207 206 207 206 205 205 204 204 204 204 204 203 204 203 203 203 203 203 203 202 201 201 201 201 201 200 200 200 200 199 198 198 199 198 198 198 198 198 198 198 198 198
195 195 197 197 197 197 198 198 198 200 201 200 202 202 202 202 203 203 204 204 205 205 205 206 207 207 207 206 206 207 208 207 207 207 207 207 208 208 207 208 207 207 207 207 206 207 207 206 206 206 205 205 205 204 204 204 204 204 202 202 202 203 202 202 201 201 201 201 201 201 200 199 199 200 200 199 199 198 198 198 198 198 198 198 198 197 197 197 197
194 194 195 196 197 198 197 198 198 199 200 200 201 201 201 201 202 203 203 204 204 205 205 205 205 206 206 206 206 206 208 207 207 207 207 207 207 207 207 207 207 207 207 207 206 207 206 206 205 205 205 205 204 203 203 203 203 203 201 203 201 202 201 201 201 201 201 201 200 200 199 199 200 199 199 199 199 198 198 198 198 197 197 197 197 197 197 197 197
193 194 194 195 196 196 197 198 198 199 198 200 200 201 201 201 202 202 203 204 203 204 204 205 205 205 206 206 206 206 206 207 206 206 206 206 206 207 206 206 206 206 207 206 207 206 205 205 205 205 204 204 204 203 203 203 202 202 201 202 201 200 200 200 200 200 200 200 200 200 198 198 198 199 198 198 198 198 198 197 197 197 197 197 197 197 197 197 197
192 193 194 195 195 195 195 196 197 198 198 198 200 200 201 200 201 202 202 203 203 203 203 204 204 205 205 206 206 206 206 206 205 205 206 205 206 206 206 206 206 205 206 205 205 205 205 205 205 205 204 203 202 203 202 202 202 202 201 200 200 200 200 200 199 200 200 199 199 198 198 198 198 198 198 198 198 197 197 197 197 197 197 197 196 196 197 197 197
192 193 193 194 195 195 195 195 197 197 197 197 199 199 200 200 200 201 201 202 202 203 203 203 204 203 204 205 205 204 205 205 205 205 205 205 205 205 205 205 205 204 204 205 205 204 205 204 204 203 204 202 202 202 202 201 202 201 201 200 199 199 199 199 199 198 198 197 198 198 198 198 198 197 198 198 196 196 197 197 197 197 196 196 196 196 195 196 197
192 192 192 192 194 194 194 196 196 196 197 198 198 198 199 200 200 200 201 202 201 202 202 203 203 203 203 204 203 203 204 204 204 204 204 204 204 204 204 204 204 204 204 204 204 204 204 203 202 202 202 201 202 201 201 201 200 200 200 199 199 199 198 198 199 198 198 197 197 198 197 197 197 196 196 196 195 197 197 196 196 196 196 195 196 196 195 195 196
191 192 192 192 193 193 194 194 195 196 196 197 197 198 198 199 199 201 200 200 201 201 202 202 202 202 203 203 203 203 203 203 203 204 204 204 204 204 203 204 203 202 204 203 203 203 203 202 202 201 202 201 202 201 200 200 200 199 199 199 199 198 198 197 197 198 197 197 197 196 196 195 195 197 196 195 195 196 196 195 194 196 195 195 195 195 195 195 195
190 191 191 192 192 193 193 194 194 195 196 196 196 197 197 197 198 198 199 200 200 200 201 201 201 202 202 202 203 202 202 202 203 203 203 202 202 203 202 202 202 202 202 202 203 202 203 201 201 201 201 200 200 200 199 199 200 198 198 198 197 198 197 197 196 197 197 197 197 196 195 195 195 195 195 195 195 195 195 195 194 195 194 195 195 195 195 194 194
190 191 191 192 193 193 193 193 193 195 195 195 196 196 196 197 197 198 198 199 199 200 200 200 201 201 201 201 201 201 201 201 202 202 201 202 202 201 201 201 202 202 202 201 201 202 201 201 200 200 200 200 200 199 199 198 198 198 196 198 196 196 196 196 196 196 196 195 196 195 195 194 195 195 195 195 194 194 193 193 193 194 194 195 194 193 193 194 194
189 191 191 191 192 192 192 193 193 194 194 194 195 195 196 196 197 197 198 198 199 199 200 199 200 200 201 201 201 201 201 200 202 201 201 201 200 200 201 201 200 200 200 201 200 200 200 200 200 200 200 199 199 198 198 199 198 197 196 197 196 196 196 196 196 195 195 195 195 195 195 195 194 194 194 194 194 195 195 195 193 193 193 193 193 193 193 194 194
189 190 190 191 191 191 191 191 193 193 193 194 194 195 195 196 195 197 198 197 197 198 199 198 199 199 200 200 200 201 200 199 201 200 199 200 199 198 199 200 200 200 200 200 200 200 200 199 199 199 199 199 199 198 197 197 197 196 196 196 196 196 194 195 195 195 194 194 194 194 194 194 194 194 194 193 193 193 193 194 192 193 194 193 193 193 192 194 194
188 189 189 190 190 191 191 192 192 193 193 194 194 194 195 195 196 196 197 197 197 197 198 198 198 199 199 199 200 199 199 200 199 199 200 199 199 200 199 198 198 199 198 199 199 198 199 199 198 198 198 198 198 198 198 196 196 196 196 195 195 195 194 194 194 194 194 194 194 194 193 193 193 193 193 192 192 192 192 192 192 191 192 191 192 192 192 192 192
188 188 189 189 189 190 191 191 191 193 192 193 193 193 194 195 195 195 195 196 197 197 197 197 197 198 198 198 198 199 199 198 198 199 200 198 198 199 198 198 199 198 198 198 198 198 197 198 198 198 197 197 196 196 196 196 195 195 194 194 194 194 194 194 194 194 193 193 193 193 192 192 192 192 192 193 192 191 192 191 192 192 191 191 191 192 192 192 192
187 187 189 189 189 189 190 191 191 191 192 192 193 193 193 194 194 194 195 195 195 196 196 196 196 196 198 197 198 198 198 197 198 197 198 198 198 198 197 197 198 198 197 197 196 198 197 197 196 197 196 196 196 196 196 195 194 194 194 194 194 194 194 194 193 193 192 193 192 191 192 192 192 191 192 191 192 192 192 190 191 191 190 190 191 191 191 191 192
