data/grids/TEMPANRANGE.asc
NCOLS 822 
NROWS 563 
XLLCORNER -58000 
YLLCORNER 5661000 
CELLSIZE 1000 
NODATA_value -9999 
[rows 440 to 479 of 563, columns 267 to 355 of 822]
209 208 208 208 208 208 207 207 207 207 206 206 207 206 206 206 206 205 205 205 205 205 205 204 204 204 203 204 203 203 202 203 203 203 203 203 202 202 202 202 202 201 201 201 201 200 201 200 201 200 201 200 199 200 199 199 199 198 197 197 197 196 196 -9999 195 194 194 193 193 193 193 192 0 -9999 -9999 -9999 -9999 -9999 -9999 -9999 -9999 -9999 -9999 -9999 -9999 -9999 -9999 -9999 -9999
208 208 207 207 207 207 207 207 206 207 206 206 206 206 206 205 204 204 205 205 205 204 204 204 204 203 203 203 203 203 202 203 202 203 202 202 201 201 201 201 201 201 201 201 200 200 199 199 199 199 199 199 199 199 199 199 199 197 197 197 196 196 -9999 0 195 193 192 193 -9999 192 -9999 192 0 -9999 -9999 -9999 -9999 -9999 -9999 -9999 -9999 -9999 -9999 -9999 -9999 -9999 -9999 -9999 -9999
208 207 207 207 207 206 207 207 206 206 206 206 206 205 205 205 204 204 204 204 204 204 204 203 203 203 203 202 203 203 203 202 202 203 202 201 201 201 201 201 201 201 200 199 200 200 199 199 199 198 199 200 199 199 198 199 198 197 197 196 196 196 -9999 -9999 -9999 -9999 -9999 -9999 -9999 -9999 -9999 -9999 0 -9999 -9999 -9999 -9999 -9999 -9999 -9999 -9999 -9999 -9999 -9999 -9999 -9999 -9999 -9999 -9999
207 207 207 207 207 206 206 206 206 206 206 206 205 205 205 204 204 204 204 204 203 203 203 204 204 203 203 203 203 202 202 202 203 201 202 201 201 201 201 201 200 200 200 200 200 200 200 199 198 198 198 198 199 198 197 197 197 196 197 195 196 -9999 -9999 -9999 -9999 -9999 -9999 -9999 -9999 -9999 -9999 -9999 -9999 -9999 -9999 -9999 -9999 -9999 -9999 -9999 -9999 -9999 -9999 -9999 -9999 -9999 -9999 -9999 -9999
206 207 207 207 207 207 206 206 206 206 206 205 205 205 204 204 204 204 204 204 203 203 203 203 203 202 202 202 202 202 201 201 201 201 201 201 201 200 200 200 200 199 199 200 199 199 199 199 198 198 198 198 198 197 197 196 196 196 196 196 -9999 -9999 -9999 -9999 -9999 -9999 -9999 -9999 -9999 -9999 -9999 -9999 -9999 -9999 -9999 -9999 -9999 -9999 -9999 -9999 -9999 -9999 -9999 185 -9999 -9999 -9999 -9999 -9999
206 207 206 206 206 206 205 205 206 206 205 205 205 204 204 204 204 203 203 203 203 203 202 202 201 201 201 201 201 201 201 201 201 201 200 201 201 200 200 200 199 199 199 199 199 198 198 198 198 197 197 197 197 196 197 197 196 195 195 0 -9999 -9999 -9999 -9999 -9999 -9999 -9999 -9999 -9999 -9999 -9999 -9999 -9999 -9999 -9999 -9999 -9999 -9999 -9999 -9999 -9999 -9999 184 184 183 183 184 183 -9999
207 206 206 206 206 205 206 205 205 205 205 204 204 204 204 204 203 203 202 203 202 202 203 202 201 201 202 201 200 201 201 201 201 200 200 201 199 199 199 199 199 198 199 199 198 198 198 197 197 197 197 196 197 196 197 196 196 196 195 0 -9999 -9999 -9999 -9999 -9999 -9999 -9999 -9999 -9999 -9999 -9999 -9999 -9999 -9999 -9999 -9999 -9999 -9999 -9999 -9999 -9999 184 184 184 182 183 183 184 182
206 206 205 206 205 205 205 205 205 205 204 203 204 204 204 204 203 202 202 203 203 202 202 202 201 201 201 201 200 201 201 201 200 200 199 199 200 199 198 199 199 198 198 197 197 197 197 196 196 196 197 196 195 196 196 195 195 195 194 -9999 -9999 -9999 -9999 -9999 -9999 0 -9999 -9999 -9999 -9999 -9999 -9999 -9999 -9999 -9999 -9999 -9999 -9999 -9999 184 183 183 184 182 182 182 182 181 182
205 205 205 205 205 204 205 204 205 205 204 204 203 203 203 203 203 202 202 202 202 202 201 201 201 200 200 201 199 200 200 201 200 200 199 199 199 199 198 198 198 197 197 197 197 197 196 195 195 195 196 196 195 195 194 195 194 194 192 -9999 -9999 -9999 -9999 -9999 -9999 0 -9999 -9999 -9999 -9999 -9999 -9999 -9999 -9999 -9999 -9999 -9999 -9999 183 184 182 183 183 182 181 181 181 181 181
204 204 204 204 204 204 205 204 204 204 203 203 203 203 202 202 202 202 202 202 202 201 200 201 201 201 200 200 199 200 200 200 199 199 198 199 198 198 198 198 197 196 197 197 197 197 197 195 196 196 196 195 194 194 193 193 194 193 193 192 0 0 -9999 -9999 -9999 189 0 -9999 -9999 -9999 -9999 -9999 -9999 -9999 -9999 -9999 -9999 -9999 183 184 182 182 183 181 181 181 181 181 181
204 204 204 204 204 204 204 204 203 203 203 203 203 203 201 202 202 202 202 202 201 200 200 200 201 201 199 199 199 199 200 199 198 199 198 198 197 197 197 197 196 197 196 196 196 196 196 195 195 194 194 194 194 193 194 193 193 193 192 192 191 191 0 0 0 188 187 188 -9999 -9999 -9999 -9999 -9999 -9999 0 184 182 182 182 181 181 181 181 181 180 181 180 179 180
204 204 204 204 203 203 203 202 202 203 203 203 203 202 201 202 202 202 201 200 200 201 200 200 200 200 199 199 199 199 199 198 198 198 198 197 198 197 197 198 196 196 196 195 196 195 194 194 195 194 194 194 193 193 193 193 192 192 191 191 190 190 188 189 187 187 187 187 186 185 185 184 184 183 184 182 182 182 181 181 181 180 181 179 180 179 179 179 180
203 203 203 203 202 202 202 202 202 203 203 203 202 202 201 201 201 201 201 200 200 200 200 200 199 199 199 199 199 198 198 198 198 197 197 197 197 196 196 196 195 195 196 195 195 195 194 194 193 194 192 192 192 192 192 191 192 192 190 190 190 189 188 188 187 187 187 186 185 185 185 183 184 183 182 181 181 182 180 180 181 179 180 179 178 179 178 178 178
203 203 202 202 201 201 202 201 201 201 202 202 202 202 201 201 201 200 200 200 200 200 200 199 198 198 199 199 199 197 198 197 197 197 197 196 196 195 195 195 194 194 194 195 194 195 193 193 193 192 193 192 192 192 192 191 190 191 190 189 190 188 188 187 187 187 186 185 184 185 185 183 183 182 182 182 180 180 181 179 180 179 179 178 178 177 178 178 177
202 202 202 201 201 201 202 201 201 201 200 200 200 201 201 200 200 200 200 200 200 200 199 199 198 198 199 198 198 197 197 197 197 196 196 196 195 195 194 195 195 194 194 193 193 194 193 193 192 192 191 192 191 191 191 191 190 189 190 189 188 188 187 187 187 186 186 184 185 185 183 183 183 181 181 180 181 180 180 179 179 179 178 177 177 177 177 177 -9999
202 201 201 201 201 202 202 202 201 201 200 200 200 201 201 201 200 200 200 200 200 199 198 198 198 198 198 197 198 197 197 197 197 195 196 196 196 195 195 195 194 194 194 193 193 192 193 192 192 192 192 191 191 190 190 190 189 189 189 188 187 187 187 187 186 185 185 184 183 183 183 182 181 181 182 180 180 179 179 178 177 178 177 177 176 176 176 -9999 -9999
202 201 201 201 201 201 200 201 200 200 200 200 200 200 199 200 200 199 199 199 199 198 198 198 198 198 197 197 197 197 197 197 195 196 195 195 194 194 194 195 194 194 193 193 193 193 192 192 191 192 191 190 190 191 190 190 190 189 188 188 187 186 186 186 186 185 185 184 183 183 183 182 180 180 180 179 179 178 178 177 176 177 176 175 175 174 -9999 -9999 -9999
201 201 201 201 201 200 200 199 200 200 200 200 200 199 199 199 199 199 199 198 198 198 197 198 197 197 197 197 196 197 196 196 196 195 195 194 194 195 194 193 193 193 193 192 192 192 191 192 191 191 190 189 189 189 190 189 189 188 188 187 187 186 186 185 185 184 183 183 183 183 182 181 180 179 179 178 178 178 177 177 176 176 175 176 175 0 -9999 -9999 -9999
201 200 200 200 200 200 200 201 200 200 200 200 200 200 199 199 198 199 199 197 198 197 197 197 197 196 197 197 197 197 195 195 195 194 194 195 194 194 194 192 192 192 193 192 191 191 191 191 190 190 190 189 189 189 188 188 188 188 186 186 186 186 186 185 185 183 183 183 182 182 181 180 180 180 178 178 177 177 177 176 176 175 175 175 174 -9999 -9999 -9999 -9999
201 200 200 200 201 201 200 200 200 199 199 199 199 199 199 199 198 198 197 197 197 197 197 197 195 196 196 197 196 194 194 194 194 194 194 194 193 193 193 192 192 192 192 191 191 191 190 190 189 189 189 189 189 188 188 187 187 187 186 186 185 185 184 184 184 183 183 183 181 181 181 180 180 179 178 177 176 177 175 175 174 175 174 174 -9999 -9999 -9999 173 0
200 200 200 200 200 200 199 199 199 199 198 199 199 199 198 198 198 197 197 197 197 196 196 197 197 195 195 195 195 195 194 194 194 194 193 192 193 193 193 192 192 191 191 190 191 190 190 190 190 189 188 188 188 187 186 186 187 186 186 185 184 184 184 183 184 182 182 181 181 181 180 179 179 178 177 176 177 176 174 175 173 174 174 -9999 -9999 -9999 -9999 173 -9999
200 200 200 199 199 199 199 200 199 198 199 199 199 198 197 198 197 198 196 196 197 196 196 195 195 195 195 195 194 194 193 194 193 193 192 191 192 192 192 191 192 191 191 191 190 189 189 189 188 188 189 188 188 186 186 186 185 185 185 185 184 184 183 183 182 181 181 181 180 180 179 179 179 177 177 177 176 175 175 174 174 174 173 0 -9999 -9999 -9999 -9999 -9999
200 199 199 199 199 199 199 199 198 198 199 198 198 198 197 197 197 197 196 196 196 195 195 195 195 194 195 195 194 194 193 193 193 192 191 192 192 192 192 191 190 189 190 190 190 189 189 189 188 187 187 187 186 186 186 185 184 184 185 184 184 183 182 182 181 181 181 180 179 179 179 178 178 177 177 176 175 175 174 174 174 173 172 171 171 170 0 -9999 -9999
198 199 199 199 199 199 199 198 198 198 199 197 198 197 197 197 196 196 196 196 196 195 195 195 195 195 194 193 194 193 193 193 193 192 191 192 191 191 190 191 189 190 190 190 189 189 188 188 188 187 187 186 186 186 185 185 184 185 184 183 183 183 182 182 181 181 180 180 179 179 178 178 177 -9999 -9999 -9999 -9999 -9999 -9999 173 173 171 171 -9999 -9999 -9999 -9999 -9999 -9999
197 199 199 198 198 197 197 197 198 198 197 197 197 196 196 196 195 195 196 197 195 195 195 195 195 195 194 193 194 193 193 193 193 192 191 191 191 190 190 190 191 190 189 188 189 189 189 188 188 188 187 186 186 186 186 184 184 184 183 183 183 182 182 182 181 0 -9999 -9999 0 178 177 177 -9999 -9999 -9999 -9999 -9999 -9999 -9999 -9999 -9999 171 171 -9999 -9999 -9999 -9999 -9999 -9999
197 198 199 197 197 197 197 197 197 196 196 196 196 196 196 195 196 195 195 195 195 195 195 194 194 194 193 193 194 193 193 192 192 191 191 191 191 189 189 190 189 189 188 189 189 188 188 188 188 188 186 186 186 185 185 184 184 184 183 183 182 182 181 181 -9999 -9999 -9999 -9999 -9999 -9999 -9999 -9999 -9999 -9999 -9999 -9999 -9999 -9999 -9999 -9999 -9999 -9999 -9999 -9999 -9999 -9999 -9999 -9999 -9999
197 197 197 197 197 197 197 196 196 196 197 197 196 195 195 195 195 196 195 195 194 194 194 194 194 193 193 192 193 192 191 191 191 190 191 190 190 190 190 189 189 189 188 188 188 186 187 187 186 186 186 186 185 184 184 184 183 182 182 182 182 181 -9999 -9999 -9999 -9999 -9999 -9999 -9999 -9999 -9999 -9999 -9999 -9999 -9999 -9999 -9999 -9999 -9999 -9999 -9999 -9999 -9999 -9999 -9999 -9999 0 0 0
197 197 197 197 197 196 196 196 197 196 197 195 196 196 196 196 196 195 194 195 194 194 193 193 193 192 192 192 193 192 192 191 191 191 191 190 190 189 189 189 189 188 187 187 188 186 187 186 185 185 184 185 183 183 183 183 182 182 181 181 181 -9999 -9999 -9999 -9999 -9999 -9999 -9999 -9999 -9999 -9999 -9999 -9999 -9999 -9999 -9999 -9999 -9999 -9999 -9999 -9999 -9999 -9999 -9999 -9999 -9999 -9999 168 168
197 197 196 196 196 197 196 196 197 197 197 196 195 195 196 196 195 194 194 194 193 193 194 193 192 192 191 192 191 191 190 191 190 189 189 190 188 189 189 188 187 187 187 187 186 186 186 186 184 184 184 184 183 183 183 183 181 182 181 -9999 -9999 -9999 -9999 -9999 -9999 -9999 -9999 -9999 -9999 -9999 -9999 -9999 -9999 -9999 -9999 -9999 -9999 -9999 -9999 -9999 -9999 -9999 -9999 -9999 -9999 -9999 -9999 -9999 -9999
196 196 196 196 195 196 196 196 195 195 195 196 194 194 196 195 194 194 194 193 193 193 192 192 192 192 191 192 191 191 189 189 189 189 189 189 188 188 188 188 187 187 187 187 186 185 186 186 185 184 184 183 183 182 182 182 181 -9999 -9999 -9999 -9999 -9999 -9999 -9999 -9999 -9999 -9999 -9999 -9999 -9999 -9999 -9999 -9999 -9999 -9999 -9999 -9999 -9999 -9999 -9999 -9999 -9999 -9999 -9999 -9999 -9999 -9999 -9999 -9999
197 195 197 196 196 195 195 195 195 195 195 194 194 194 194 194 193 194 193 193 193 193 192 192 192 192 191 192 192 190 189 190 189 189 189 188 188 187 188 187 186 186 186 186 185 185 185 185 185 183 183 183 183 183 182 181 181 -9999 -9999 -9999 -9999 -9999 -9999 -9999 -9999 -9999 -9999 -9999 -9999 -9999 -9999 -9999 -9999 -9999 -9999 -9999 -9999 -9999 -9999 -9999 -9999 -9999 -9999 -9999 -9999 -9999 -9999 -9999 -9999
195 195 195 194 195 196 196 195 195 195 194 194 194 194 193 193 193 193 193 193 193 192 192 192 191 191 191 190 189 191 190 189 190 189 189 188 187 187 188 187 186 186 185 185 186 185 184 184 184 183 183 182 182 183 181 180 0 -9999 -9999 -9999 -9999 -9999 -9999 -9999 -9999 -9999 -9999 -9999 -9999 -9999 -9999 -9999 -9999 -9999 -9999 -9999 -9999 -9999 -9999 -9999 -9999 -9999 -9999 -9999 -9999 -9999 -9999 -9999 -9999
195 195 195 195 196 194 195 194 194 194 194 194 194 193 193 193 192 193 193 192 192 192 192 192 192 191 190 191 191 189 190 188 189 188 188 188 188 187 187 186 185 185 185 184 185 185 184 184 184 183 183 182 182 180 181 -9999 -9999 -9999 -9999 -9999 -9999 -9999 -9999 -9999 -9999 -9999 -9999 -9999 -9999 -9999 -9999 -9999 -9999 -9999 -9999 -9999 -9999 -9999 -9999 -9999 -9999 -9999 -9999 -9999 -9999 -9999 -9999 -9999 -9999
194 194 194 194 195 195 195 195 195 194 194 194 193 193 192 193 193 193 193 192 192 191 191 191 191 191 190 189 189 188 189 188 189 188 188 187 188 187 186 185 185 186 186 184 184 184 183 183 183 182 182 182 181 181 -9999 -9999 -9999 -9999 -9999 -9999 -9999 -9999 -9999 -9999 -9999 -9999 -9999 -9999 -9999 -9999 -9999 -9999 -9999 -9999 -9999 -9999 -9999 -9999 -9999 -9999 -9999 -9999 -9999 -9999 -9999 -9999 -9999 -9999 -9999
194 194 194 194 195 195 195 195 194 194 194 193 193 193 193 193 193 193 193 192 192 191 191 191 189 190 190 189 189 188 188 189 188 187 187 186 186 186 186 185 185 185 184 184 184 184 182 181 183 181 181 181 180 0 -9999 -9999 -9999 -9999 -9999 -9999 -9999 -9999 -9999 -9999 -9999 -9999 -9999 -9999 -9999 -9999 -9999 -9999 -9999 -9999 -9999 -9999 -9999 -9999 -9999 -9999 -9999 -9999 -9999 -9999 -9999 -9999 -9999 -9999 -9999
193 194 194 194 195 194 194 194 193 194 193 193 193 192 192 191 191 191 191 191 192 190 190 190 190 190 190 189 189 188 188 188 187 187 187 186 186 185 185 184 185 184 184 183 182 181 182 183 182 181 181 180 -9999 -9999 -9999 -9999 -9999 -9999 -9999 -9999 -9999 -9999 -9999 -9999 -9999 -9999 -9999 -9999 -9999 -9999 -9999 -9999 -9999 -9999 -9999 -9999 -9999 -9999 -9999 -9999 -9999 -9999 -9999 -9999 -9999 -9999 -9999 -9999 -9999
194 193 194 194 194 194 193 193 194 193 193 193 194 192 192 193 192 192 192 191 190 190 191 189 190 189 188 189 188 187 188 187 187 186 186 186 186 185 184 184 184 183 183 183 182 182 181 181 181 181 180 -9999 -9999 -9999 -9999 -9999 -9999 -9999 -9999 -9999 -9999 -9999 -9999 -9999 -9999 -9999 -9999 -9999 -9999 -9999 -9999 -9999 -9999 -9999 -9999 -9999 -9999 -9999 -9999 -9999 -9999 -9999 -9999 -9999 -9999 -9999 -9999 -9999 -9999
193 193 193 194 194 193 193 193 193 193 194 192 192 192 192 192 192 191 192 191 190 191 190 190 189 188 187 188 188 187 187 187 186 185 185 185 185 185 184 183 183 183 182 182 182 182 181 181 179 180 -9999 -9999 -9999 -9999 -9999 -9999 -9999 -9999 -9999 -9999 -9999 -9999 -9999 -9999 -9999 -9999 -9999 -9999 -9999 -9999 -9999 -9999 -9999 -9999 -9999 -9999 -9999 -9999 -9999 -9999 -9999 -9999 -9999 -9999 -9999 -9999 -9999 -9999 -9999
192 193 193 193 193 192 193 193 193 192 192 192 192 193 192 192 191 191 190 189 189 189 189 189 188 188 188 187 187 187 187 186 185 186 185 185 185 183 184 183 184 183 182 181 182 182 180 -9999 -9999 -9999 -9999 -9999 -9999 -9999 -9999 -9999 -9999 -9999 -9999 -9999 -9999 -9999 -9999 -9999 -9999 -9999 -9999 -9999 -9999 -9999 -9999 -9999 -9999 -9999 -9999 -9999 -9999 -9999 -9999 -9999 -9999 -9999 -9999 -9999 -9999 -9999 -9999 -9999 -9999
192 192 193 192 192 193 192 191 192 192 192 192 191 191 191 192 190 190 190 190 189 189 188 189 188 187 187 186 186 187 187 186 185 185 184 185 184 184 182 184 182 182 182 181 180 181 -9999 -9999 -9999 -9999 -9999 -9999 -9999 -9999 -9999 -9999 -9999 -9999 -9999 -9999 -9999 -9999 -9999 -9999 -9999 -9999 -9999 -9999 -9999 -9999 -9999 -9999 -9999 -9999 -9999 -9999 -9999 -9999 -9999 -9999 -9999 -9999 -9999 -9999 -9999 -9999 -9999 -9999 -9999
